Frame 1.0: tensor([ 1.,  2.,  3.,  4.,  5.,  6.,  7.,  8.,  9., 10., 11., 12., 13., 14., 15.])
Frame 2.0: tensor([ 1.,  2.,  3.,  4.,  5.,  6.,  7.,  8.,  9., 10., 11., 12., 13., 14., 15.])
Frame 3.0: tensor([ 1.,  2.,  3.,  4.,  5.,  6.,  7.,  8.,  9., 10., 11., 12., 13., 14., 15.])
Frame 4.0: tensor([ 1.,  2.,  3.,  4.,  5.,  6.,  7.,  8.,  9., 10., 11., 12., 13., 14., 15.])
Frame 5.0: tensor([ 1.,  2.,  3.,  4.,  5.,  6.,  7.,  8.,  9., 10., 11., 12., 13., 14., 15., 16.])
Frame 6.0: tensor([ 1.,  2.,  3.,  4.,  5.,  6.,  7.,  8.,  9., 10., 11., 12., 13., 14., 15., 16.])
Frame 7.0: tensor([ 1.,  2.,  3.,  4.,  5.,  6.,  7.,  8.,  9., 10., 11., 12., 13., 14., 15., 16.])
Frame 8.0: tensor([ 1.,  2.,  3.,  4.,  5.,  6.,  7.,  8.,  9., 10., 11., 12., 13., 14., 15., 16.])
Frame 9.0: tensor([ 1.,  2.,  3.,  4.,  5.,  6.,  7.,  8.,  9., 10., 11., 12., 13., 14., 15., 16.])
Frame 10.0: tensor([ 1.,  2.,  3.,  4.,  5.,  6.,  7.,  8.,  9., 10., 11., 12., 13., 14., 15., 16.])
Frame 11.0: tensor([ 1.,  2.,  3.,  4.,  5.,  6.,  7.,  8.,  9., 10., 11., 12., 13., 14., 15., 16., 18.])
Frame 12.0: tensor([ 1.,  2.,  3.,  4.,  5.,  6.,  7.,  8.,  9., 10., 11., 12., 13., 14., 15., 16., 18.])
Frame 13.0: tensor([ 1.,  2.,  3.,  4.,  5.,  6.,  7.,  8.,  9., 10., 11., 12., 13., 14., 15., 16., 18.])
Frame 14.0: tensor([ 1.,  2.,  3.,  4.,  5.,  6.,  7.,  8.,  9., 10., 11., 12., 13., 14., 15., 16., 18.])
Frame 15.0: tensor([ 1.,  2.,  3.,  4.,  5.,  6.,  7.,  8.,  9., 10., 11., 12., 13., 14., 15., 16., 18.])
Frame 16.0: tensor([ 1.,  2.,  3.,  4.,  5.,  6.,  7.,  8.,  9., 10., 11., 12., 13., 14., 16., 18.])
Frame 17.0: tensor([ 1.,  2.,  3.,  4.,  5.,  6.,  7.,  8.,  9., 10., 11., 12., 13., 14., 16., 18.])
Frame 18.0: tensor([ 1.,  2.,  3.,  4.,  5.,  6.,  7.,  8.,  9., 10., 11., 12., 13., 14., 16., 18.])
Frame 19.0: tensor([ 1.,  2.,  3.,  4.,  5.,  6.,  7.,  8.,  9., 10., 11., 12., 13., 14., 16., 18.])
Frame 20.0: tensor([ 1.,  2.,  3.,  4.,  5.,  6.,  7.,  8.,  9., 10., 11., 12., 13., 14., 16., 18.])
Frame 21.0: tensor([ 1.,  2.,  3.,  4.,  5.,  6.,  7.,  8.,  9., 10., 11., 12., 13., 14., 16., 18.])
Frame 22.0: tensor([ 1.,  2.,  3.,  4.,  5.,  6.,  7.,  8.,  9., 10., 11., 12., 13., 16., 18.])
Frame 23.0: tensor([ 1.,  2.,  3.,  4.,  5.,  6.,  7.,  8.,  9., 10., 11., 12., 13., 16., 18.])
Frame 24.0: tensor([ 1.,  2.,  3.,  4.,  5.,  6.,  7.,  8.,  9., 10., 11., 12., 13., 16., 18.])
Frame 25.0: tensor([ 1.,  2.,  3.,  4.,  5.,  6.,  7.,  8.,  9., 10., 11., 12., 13., 16., 18.])
Frame 26.0: tensor([ 1.,  2.,  3.,  4.,  5.,  6.,  7.,  8.,  9., 10., 11., 12., 13., 16., 18., 21.])
Frame 27.0: tensor([ 1.,  2.,  3.,  4.,  5.,  6.,  7.,  8.,  9., 10., 11., 12., 13., 16., 18., 21.])
Frame 28.0: tensor([ 1.,  2.,  3.,  4.,  5.,  6.,  7.,  8.,  9., 10., 12., 13., 16., 18., 21., 22.])
Frame 29.0: tensor([ 1.,  2.,  3.,  4.,  5.,  6.,  7.,  8.,  9., 10., 12., 13., 16., 18., 21., 22.])
Frame 30.0: tensor([ 1.,  2.,  3.,  4.,  5.,  6.,  7.,  8.,  9., 10., 12., 13., 16., 18., 21., 22., 23.])
Frame 31.0: tensor([ 1.,  2.,  3.,  4.,  5.,  6.,  7.,  8.,  9., 10., 12., 13., 16., 21., 22., 23., 11.])
Frame 32.0: tensor([ 1.,  2.,  3.,  5.,  6.,  7.,  8.,  9., 10., 12., 13., 16., 21., 22., 23., 11.])
Frame 33.0: tensor([ 1.,  2.,  3.,  5.,  6.,  7.,  8.,  9., 10., 12., 13., 16., 21., 22., 23., 11., 24.])
Frame 34.0: tensor([ 1.,  2.,  3.,  5.,  6.,  7.,  8.,  9., 10., 12., 13., 16., 21., 22., 23., 11., 24.])
Frame 35.0: tensor([ 1.,  2.,  3.,  5.,  6.,  7.,  8.,  9., 10., 12., 13., 16., 21., 22., 23., 11., 24., 26.])
Frame 36.0: tensor([ 1.,  3.,  5.,  6.,  7.,  8.,  9., 10., 12., 13., 16., 21., 22., 23., 11., 24., 26.])
Frame 37.0: tensor([ 1.,  3.,  5.,  6.,  7.,  8.,  9., 10., 12., 13., 21., 22., 23., 11., 24., 26.])
Frame 38.0: tensor([ 1.,  3.,  5.,  6.,  7.,  8.,  9., 10., 12., 13., 21., 22., 23., 24., 26.])
Frame 39.0: tensor([ 1.,  3.,  5.,  6.,  7.,  8.,  9., 10., 12., 13., 21., 22., 23., 24., 26., 27.])
Frame 40.0: tensor([ 1.,  3.,  5.,  6.,  7.,  8.,  9., 10., 12., 13., 21., 22., 23., 24., 26., 27.])
Frame 41.0: tensor([ 1.,  3.,  5.,  6.,  7.,  8.,  9., 10., 12., 13., 21., 22., 23., 24., 26.])
Frame 42.0: tensor([ 1.,  3.,  5.,  6.,  7.,  8.,  9., 10., 12., 13., 21., 22., 23., 24., 26., 28.])
Frame 43.0: tensor([ 1.,  3.,  5.,  6.,  7.,  8.,  9., 10., 12., 13., 21., 22., 23., 24., 26., 28., 29.])
Frame 44.0: tensor([ 1.,  3.,  5.,  6.,  7.,  8.,  9., 10., 12., 13., 22., 23., 24., 26., 28., 29., 30., 31.])
Frame 45.0: tensor([ 1.,  5.,  6.,  7.,  8.,  9., 10., 12., 13., 22., 23., 24., 26., 28., 29., 30., 31., 32.])
Frame 46.0: tensor([ 1.,  5.,  6.,  7.,  8.,  9., 10., 12., 13., 22., 23., 24., 26., 29., 30., 31., 32., 33.])
Frame 47.0: tensor([ 1.,  5.,  6.,  7.,  8.,  9., 10., 12., 13., 22., 23., 24., 26., 29., 30., 31., 32., 33.])
Frame 48.0: tensor([ 1.,  6.,  7.,  8.,  9., 10., 12., 13., 22., 23., 24., 26., 29., 30., 31., 32., 33., 34.])
Frame 49.0: tensor([ 1.,  6.,  7.,  9., 10., 12., 13., 22., 23., 24., 26., 29., 30., 31., 32., 33., 34., 35.])
Frame 50.0: tensor([ 1.,  6.,  7.,  9., 10., 12., 13., 22., 23., 24., 26., 29., 30., 31., 32., 33., 34., 35., 36.])
Frame 51.0: tensor([ 1.,  6.,  7.,  9., 10., 12., 22., 23., 24., 26., 29., 30., 31., 32., 33., 34., 35., 36., 38.])
Frame 52.0: tensor([ 1.,  6.,  7.,  9., 10., 12., 22., 23., 24., 26., 29., 30., 31., 32., 33., 34., 35., 36., 38., 39., 40.])
Frame 53.0: tensor([ 1.,  6.,  7., 10., 22., 23., 24., 26., 29., 30., 31., 32., 33., 34., 35., 36., 38., 39., 40., 41., 21.])
Frame 54.0: tensor([ 1.,  6.,  7., 10., 22., 23., 26., 29., 30., 31., 32., 33., 34., 35., 36., 38., 39., 40., 41., 43., 21.])
Frame 55.0: tensor([ 1.,  6.,  7., 10., 22., 23., 26., 29., 30., 31., 32., 33., 34., 35., 36., 38., 39., 40., 41., 43., 21., 44., 45.])
Frame 56.0: tensor([ 1.,  6.,  7., 10., 22., 23., 26., 29., 30., 31., 32., 33., 34., 35., 36., 38., 39., 40., 41., 43., 21., 45., 46.])
Frame 57.0: tensor([ 1.,  6.,  7., 10., 22., 23., 26., 29., 30., 31., 32., 33., 34., 35., 36., 38., 39., 40., 41., 43., 21., 45., 46., 47.])
Frame 58.0: tensor([ 1.,  6.,  7., 10., 22., 23., 26., 29., 30., 31., 32., 33., 34., 35., 36., 38., 39., 40., 41., 43., 21., 45., 46., 47., 48., 49.])
Frame 59.0: tensor([ 1.,  6.,  7., 10., 22., 23., 26., 29., 30., 31., 32., 33., 34., 35., 36., 38., 39., 40., 41., 43., 21., 45., 46., 47., 48., 49.])
Frame 60.0: tensor([ 1.,  6.,  7., 10., 22., 23., 26., 29., 30., 31., 32., 33., 34., 35., 36., 38., 39., 40., 41., 43., 21., 45., 46., 47., 48., 49., 50.])
Frame 61.0: tensor([ 6.,  7., 10., 22., 23., 26., 29., 30., 31., 32., 33., 34., 35., 36., 38., 39., 40., 41., 43., 21., 45., 46., 47., 48., 49., 50., 52.])
Frame 62.0: tensor([10., 22., 23., 26., 29., 30., 31., 32., 33., 34., 35., 36., 38., 39., 40., 41., 43., 45., 46., 47., 48., 49., 50., 52.])
Frame 63.0: tensor([22., 23., 26., 29., 30., 31., 32., 33., 34., 35., 36., 38., 39., 40., 41., 43., 45., 46., 47., 48., 49., 50., 52., 53.])
Frame 64.0: tensor([22., 23., 26., 29., 30., 31., 32., 33., 35., 36., 38., 39., 40., 41., 43., 45., 46., 47., 48., 49., 50., 52., 53., 54.])
Frame 65.0: tensor([22., 26., 29., 30., 31., 32., 33., 35., 36., 38., 39., 40., 41., 43., 45., 46., 47., 48., 49., 50., 52., 53., 54.])
Frame 66.0: tensor([22., 26., 29., 30., 31., 32., 33., 35., 36., 38., 39., 40., 41., 43., 45., 46., 47., 48., 49., 50., 52., 53., 54., 34.])
Frame 67.0: tensor([22., 26., 29., 30., 31., 32., 33., 35., 36., 38., 39., 40., 41., 43., 45., 46., 47., 48., 49., 50., 52., 53., 54., 34.])
Frame 68.0: tensor([22., 26., 29., 30., 31., 32., 33., 35., 36., 38., 39., 40., 41., 43., 45., 46., 47., 49., 50., 52., 53., 54., 34., 55.])
Frame 69.0: tensor([22., 26., 29., 30., 31., 32., 33., 35., 36., 38., 39., 40., 41., 43., 45., 46., 49., 50., 53., 34., 55., 56., 57.])
Frame 70.0: tensor([22., 26., 29., 30., 31., 32., 33., 35., 38., 39., 40., 41., 43., 46., 49., 50., 53., 34., 55., 56., 57.])
Frame 71.0: tensor([22., 26., 29., 30., 31., 32., 33., 35., 38., 39., 40., 41., 43., 46., 49., 50., 53., 34., 55., 56., 57.])
Frame 72.0: tensor([22., 26., 29., 30., 31., 32., 33., 35., 38., 39., 40., 41., 43., 46., 49., 50., 53., 34., 55., 56., 57., 58., 59.])
Frame 73.0: tensor([22., 26., 29., 30., 31., 32., 33., 35., 38., 39., 40., 43., 46., 49., 50., 53., 55., 56., 57., 58., 59., 54., 36.])
Frame 74.0: tensor([22., 26., 29., 30., 31., 32., 33., 35., 38., 39., 40., 43., 46., 49., 50., 53., 55., 56., 57., 58., 59., 60., 54., 36.])
Frame 75.0: tensor([22., 26., 29., 30., 31., 32., 33., 35., 38., 39., 40., 43., 46., 49., 50., 53., 55., 56., 57., 58., 59., 60., 54., 36., 45.])
Frame 76.0: tensor([22., 26., 29., 30., 31., 32., 33., 35., 38., 39., 40., 43., 46., 49., 50., 53., 55., 56., 57., 58., 59., 60., 54., 36., 45., 47.])
Frame 77.0: tensor([22., 26., 29., 30., 31., 32., 33., 35., 38., 39., 43., 46., 49., 50., 53., 55., 56., 57., 58., 59., 60., 54., 36., 45., 62., 47.])
Frame 78.0: tensor([22., 26., 29., 30., 31., 32., 33., 35., 38., 39., 43., 46., 49., 50., 53., 55., 56., 57., 58., 59., 60., 54., 36., 45., 62., 47.])
Frame 79.0: tensor([22., 26., 29., 30., 31., 32., 33., 35., 38., 39., 43., 46., 49., 50., 53., 55., 56., 57., 58., 59., 60., 54., 36., 45., 62., 47.])
Frame 80.0: tensor([22., 26., 29., 30., 31., 32., 33., 35., 38., 39., 43., 46., 49., 50., 53., 55., 56., 57., 58., 59., 60., 54., 36., 45., 62., 47.])
Frame 81.0: tensor([22., 26., 29., 30., 31., 32., 33., 35., 38., 39., 43., 46., 49., 50., 53., 55., 56., 57., 58., 59., 60., 54., 45., 62., 47.])
Frame 82.0: tensor([22., 26., 29., 30., 31., 32., 33., 35., 38., 39., 43., 46., 49., 50., 53., 55., 56., 57., 58., 59., 60., 54., 45., 62., 47.])
Frame 83.0: tensor([26., 29., 30., 31., 32., 33., 35., 38., 39., 43., 46., 49., 50., 53., 55., 56., 57., 58., 59., 60., 54., 45., 62., 47.])
Frame 84.0: tensor([26., 29., 30., 31., 32., 33., 35., 38., 39., 43., 46., 49., 50., 53., 55., 56., 57., 58., 59., 60., 54., 45., 62., 47.])
Frame 85.0: tensor([26., 29., 30., 31., 32., 33., 38., 39., 43., 46., 49., 50., 55., 56., 57., 58., 59., 60., 54., 45., 62., 47.])
Frame 86.0: tensor([26., 29., 30., 31., 32., 33., 38., 39., 43., 46., 49., 55., 56., 57., 58., 59., 60., 54., 45., 62., 47.])
Frame 87.0: tensor([26., 29., 30., 31., 32., 33., 38., 39., 43., 46., 49., 55., 56., 57., 58., 59., 60., 54., 45., 62., 47.])
Frame 88.0: tensor([26., 29., 30., 31., 32., 33., 38., 39., 43., 46., 49., 55., 56., 57., 58., 59., 60., 54., 45., 62., 47.])
Frame 89.0: tensor([26., 29., 30., 31., 32., 33., 38., 39., 43., 46., 49., 55., 56., 57., 58., 59., 60., 54., 45., 62., 47., 63., 64.])
Frame 90.0: tensor([26., 29., 30., 31., 32., 33., 38., 39., 43., 46., 49., 55., 56., 57., 58., 59., 60., 54., 45., 62., 47., 63., 64.])
Frame 91.0: tensor([29., 30., 31., 32., 33., 38., 39., 43., 46., 49., 55., 56., 57., 58., 59., 60., 54., 45., 62., 47., 63., 64., 65.])
Frame 92.0: tensor([29., 30., 31., 32., 33., 38., 39., 43., 46., 49., 55., 56., 57., 58., 59., 60., 54., 45., 62., 47., 63., 64.])
Frame 93.0: tensor([29., 30., 31., 32., 33., 38., 39., 43., 46., 49., 55., 56., 57., 58., 59., 60., 54., 45., 62., 47., 63., 64.])
Frame 94.0: tensor([29., 30., 31., 32., 33., 38., 39., 43., 46., 49., 55., 56., 57., 58., 59., 60., 54., 45., 62., 47., 63., 64., 67., 68., 69., 70., 71., 72., 73.])
Frame 95.0: tensor([29., 30., 31., 32., 33., 38., 39., 43., 46., 49., 55., 56., 57., 58., 59., 60., 54., 45., 62., 47., 63., 64., 67., 68., 69., 70., 71., 72., 73.])
Frame 96.0: tensor([29., 30., 31., 32., 33., 38., 39., 43., 46., 49., 55., 56., 57., 58., 59., 60., 54., 62., 47., 63., 64., 67., 68., 69., 70., 71., 73.])
Frame 97.0: tensor([30., 31., 32., 33., 38., 39., 43., 46., 49., 55., 56., 57., 58., 59., 60., 54., 62., 47., 63., 64., 67., 68., 69., 70., 71., 73., 74., 75.])
Frame 98.0: tensor([30., 32., 33., 38., 39., 43., 46., 49., 55., 56., 57., 58., 59., 60., 54., 62., 47., 63., 64., 67., 68., 69., 70., 71., 73., 74., 75., 76.])
Frame 99.0: tensor([30., 33., 38., 39., 43., 46., 49., 55., 56., 57., 58., 59., 60., 54., 62., 47., 63., 64., 67., 68., 69., 70., 71., 73., 74., 75., 76., 79.])
Frame 100.0: tensor([33., 39., 43., 46., 49., 55., 56., 57., 58., 59., 60., 54., 62., 63., 64., 67., 68., 69., 70., 71., 74., 75., 76., 79., 80.])
Frame 101.0: tensor([39., 43., 46., 49., 55., 56., 57., 58., 59., 60., 54., 62., 63., 64., 67., 68., 69., 70., 71., 74., 75., 76., 79., 81.])
Frame 102.0: tensor([39., 43., 46., 49., 55., 56., 57., 58., 59., 60., 54., 62., 63., 64., 67., 68., 69., 70., 71., 74., 75., 76., 79., 81., 82.])
Frame 103.0: tensor([43., 49., 55., 56., 57., 58., 59., 60., 54., 62., 63., 64., 67., 68., 69., 70., 71., 74., 75., 76., 79., 81., 82.])
Frame 104.0: tensor([49., 56., 57., 58., 60., 54., 62., 63., 64., 67., 68., 69., 70., 71., 74., 75., 76., 79., 81., 82., 83., 84., 45.])
Frame 105.0: tensor([56., 57., 58., 60., 54., 62., 63., 64., 67., 68., 69., 70., 71., 74., 76., 79., 81., 82., 83., 84., 45., 47.])
Frame 106.0: tensor([56., 57., 58., 60., 54., 62., 63., 64., 67., 68., 69., 70., 71., 74., 76., 79., 81., 82., 83., 84., 85.])
Frame 107.0: tensor([56., 57., 58., 60., 54., 62., 63., 64., 67., 68., 69., 70., 71., 74., 76., 79., 81., 82., 83., 84., 85., 86.])
Frame 108.0: tensor([56., 57., 58., 60., 54., 62., 63., 64., 67., 68., 69., 70., 71., 74., 76., 79., 81., 82., 83., 84., 85., 86., 87., 88., 90.])
Frame 109.0: tensor([56., 58., 60., 54., 62., 63., 64., 67., 68., 69., 70., 71., 74., 76., 79., 81., 82., 83., 84., 85., 86., 87., 88., 90., 91.])
Frame 110.0: tensor([56., 60., 54., 62., 63., 64., 67., 68., 69., 70., 71., 74., 76., 79., 81., 82., 83., 84., 85., 86., 87., 88., 90., 91., 92.])
Frame 111.0: tensor([56., 60., 54., 62., 63., 64., 67., 68., 69., 70., 71., 74., 76., 79., 81., 82., 83., 84., 85., 86., 87., 88., 90., 91., 92.])
Frame 112.0: tensor([62., 63., 64., 67., 68., 69., 70., 71., 74., 76., 79., 81., 82., 83., 84., 85., 86., 87., 88., 90., 91., 92., 93.])
Frame 113.0: tensor([62., 63., 64., 67., 68., 69., 70., 71., 74., 76., 81., 83., 84., 85., 86., 87., 88., 90., 92., 93., 96.])
Frame 114.0: tensor([62., 63., 64., 67., 68., 69., 70., 71., 74., 76., 81., 83., 84., 85., 86., 87., 88., 90., 92., 93., 96., 97.])
Frame 115.0: tensor([62., 63., 64., 67., 68., 69., 70., 71., 74., 76., 81., 83., 84., 85., 86., 87., 88., 90., 92., 93., 96., 97., 98.])
Frame 116.0: tensor([62., 63., 64., 67., 68., 69., 70., 71., 74., 76., 81., 83., 84., 85., 86., 87., 88., 90., 92., 93., 96., 97., 98., 99.])
Frame 117.0: tensor([62., 63., 64., 67., 68., 69., 70., 71., 74., 76., 81., 83., 84., 85., 86., 87., 88., 90., 92., 93., 96., 97., 98., 99.])
Frame 118.0: tensor([ 62.,  63.,  64.,  67.,  68.,  69.,  70.,  71.,  74.,  76.,  81.,  83.,  84.,  85.,  86.,  87.,  88.,  90.,  92.,  93.,  96.,  97.,  98.,  99., 100.])
Frame 119.0: tensor([ 62.,  63.,  67.,  68.,  69.,  70.,  71.,  74.,  76.,  81.,  83.,  84.,  85.,  86.,  87.,  88.,  90.,  92.,  93.,  96.,  97.,  98.,  99., 100.])
Frame 120.0: tensor([ 62.,  63.,  67.,  68.,  69.,  70.,  71.,  74.,  76.,  81.,  83.,  84.,  85.,  86.,  87.,  88.,  90.,  92.,  93.,  96.,  97.,  98.,  99., 100., 101.])
Frame 121.0: tensor([ 62.,  63.,  67.,  68.,  69.,  70.,  74.,  76.,  81.,  83.,  84.,  85.,  86.,  87.,  88.,  90.,  92.,  93.,  96.,  97.,  98.,  99., 100., 101., 102.])
Frame 122.0: tensor([ 62.,  63.,  67.,  68.,  69.,  70.,  74.,  76.,  81.,  83.,  84.,  85.,  86.,  87.,  88.,  90.,  92.,  93.,  96.,  97.,  98.,  99., 100., 101., 102., 103., 104., 105.])
Frame 123.0: tensor([ 62.,  63.,  67.,  68.,  69.,  70.,  74.,  76.,  83.,  84.,  85.,  86.,  87.,  88.,  90.,  92.,  93.,  96.,  97.,  98.,  99., 100., 101., 102., 103., 104., 105.])
Frame 124.0: tensor([ 62.,  63.,  67.,  68.,  69.,  70.,  74.,  76.,  83.,  84.,  85.,  86.,  87.,  88.,  90.,  92.,  93.,  96.,  97.,  98.,  99., 100., 101., 102., 103., 104., 105.])
Frame 125.0: tensor([ 62.,  63.,  67.,  68.,  69.,  70.,  74.,  76.,  83.,  84.,  85.,  86.,  87.,  88.,  90.,  92.,  93.,  96.,  97.,  98.,  99., 100., 101., 102., 103., 104., 105.])
Frame 126.0: tensor([ 62.,  63.,  67.,  68.,  69.,  70.,  74.,  76.,  83.,  84.,  85.,  86.,  87.,  88.,  90.,  92.,  93.,  96.,  97.,  98.,  99., 100., 101., 102., 103., 104., 105.])
Frame 127.0: tensor([ 63.,  67.,  68.,  69.,  70.,  74.,  76.,  83.,  84.,  85.,  86.,  87.,  88.,  90.,  92.,  93.,  96.,  97.,  98.,  99., 100., 101., 102., 103., 104., 105., 106., 107.])
Frame 128.0: tensor([ 63.,  67.,  68.,  69.,  70.,  74.,  76.,  83.,  84.,  85.,  86.,  87.,  88.,  90.,  92.,  93.,  96.,  97.,  98.,  99., 100., 101., 102., 103., 104., 105., 106., 107.,  71.])
Frame 129.0: tensor([ 63.,  67.,  68.,  69.,  70.,  74.,  76.,  83.,  84.,  85.,  86.,  87.,  88.,  90.,  92.,  93.,  96.,  97.,  98.,  99., 100., 101., 102., 103., 104., 105., 106., 107.,  71.])
Frame 130.0: tensor([ 63.,  67.,  68.,  69.,  70.,  74.,  76.,  83.,  84.,  85.,  86.,  87.,  88.,  90.,  92.,  93.,  96.,  97.,  98., 100., 101., 102., 103., 104., 105., 106., 107.,  71., 108.])
Frame 131.0: tensor([ 63.,  67.,  68.,  69.,  70.,  74.,  76.,  83.,  84.,  85.,  86.,  87.,  88.,  90.,  92.,  93.,  96.,  97.,  98., 100., 101., 102., 103., 104., 105., 106., 107.,  71., 108.])
Frame 132.0: tensor([ 63.,  67.,  68.,  69.,  70.,  74.,  76.,  83.,  84.,  85.,  86.,  87.,  88.,  90.,  92.,  93.,  96.,  97.,  98., 100., 102., 103., 104., 105., 107., 108., 109., 110.])
Frame 133.0: tensor([ 63.,  67.,  68.,  69.,  70.,  76.,  83.,  84.,  85.,  86.,  87.,  88.,  90.,  92.,  93.,  96.,  97.,  98., 100., 102., 103., 104., 105., 109., 110.])
Frame 134.0: tensor([ 63.,  67.,  68.,  69.,  76.,  83.,  84.,  85.,  86.,  87.,  88.,  90.,  92.,  93.,  96.,  97.,  98., 100., 102., 103., 104., 105., 109., 110., 111., 112., 108.])
Frame 135.0: tensor([ 63.,  67.,  68.,  76.,  83.,  84.,  86.,  87.,  88.,  90.,  92.,  93.,  96.,  97.,  98., 100., 102., 103., 104., 105., 109., 110., 111., 112., 108.,  82.])
Frame 136.0: tensor([ 63.,  67.,  68.,  76.,  83.,  84.,  86.,  88.,  92.,  93.,  96.,  97.,  98., 100., 102., 103., 104., 105., 110., 111., 112., 108., 113.,  82.])
Frame 137.0: tensor([ 67.,  68.,  76.,  83.,  84.,  86.,  88.,  92.,  93.,  96.,  97.,  98., 100., 102., 103., 104., 105., 110., 111., 112., 108., 113.,  85.])
Frame 138.0: tensor([ 67.,  76.,  83.,  84.,  86.,  88.,  92.,  93.,  96.,  97.,  98., 100., 102., 103., 104., 105., 110., 111., 112., 108., 113.,  85., 109.])
Frame 139.0: tensor([ 67.,  83.,  84.,  86.,  88.,  92.,  93.,  96.,  97.,  98., 100., 102., 103., 104., 105., 110., 111., 112., 108., 113.,  85., 114., 109.])
Frame 140.0: tensor([ 67.,  83.,  84.,  86.,  88.,  92.,  93.,  96.,  97.,  98., 100., 102., 103., 104., 105., 110., 111., 112., 108., 113., 114., 109.])
Frame 141.0: tensor([ 67.,  83.,  84.,  86.,  88.,  92.,  93.,  96.,  97.,  98., 100., 102., 103., 104., 105., 110., 111., 112., 108., 113., 114., 109., 107.])
Frame 142.0: tensor([ 67.,  84.,  86.,  92.,  93.,  96.,  97.,  98., 100., 102., 103., 104., 105., 110., 111., 112., 108., 113., 114., 109., 116., 107.])
Frame 143.0: tensor([ 92.,  93.,  96.,  97.,  98., 100., 102., 103., 104., 105., 110., 111., 112., 113., 114., 109., 116., 107., 117., 118., 119.])
Frame 144.0: tensor([ 92.,  93.,  96.,  97.,  98., 100., 102., 103., 104., 105., 110., 111., 112., 113., 114., 109., 116., 107., 117., 118., 119., 120., 122., 123., 124.])
Frame 145.0: tensor([ 93.,  96.,  97.,  98., 100., 102., 103., 104., 105., 110., 111., 112., 113., 114., 109., 116., 107., 117., 118., 119., 120., 122., 123., 124., 125., 126.])
Frame 146.0: tensor([ 93.,  96.,  97.,  98., 100., 103., 104., 105., 110., 111., 112., 113., 114., 109., 116., 107., 117., 118., 119., 120., 122., 123., 124., 125., 126., 127.])
Frame 147.0: tensor([ 96.,  97., 100., 103., 104., 105., 111., 112., 113., 114., 109., 116., 107., 117., 118., 119., 120., 122., 123., 124., 125., 127., 128.])
Frame 148.0: tensor([ 96.,  97., 100., 103., 104., 105., 111., 112., 113., 114., 109., 116., 107., 117., 119., 120., 122., 123., 124., 125., 127., 128.])
Frame 149.0: tensor([ 96.,  97., 100., 103., 104., 105., 111., 113., 114., 116., 107., 117., 119., 120., 122., 123., 124., 125., 127., 128., 129., 130.])
Frame 150.0: tensor([ 96.,  97., 100., 103., 104., 105., 111., 113., 114., 116., 107., 117., 119., 120., 122., 123., 124., 125., 127., 128., 129., 130., 132., 133.])
Frame 151.0: tensor([ 97., 100., 104., 105., 111., 113., 114., 116., 107., 117., 119., 120., 122., 123., 124., 125., 127., 128., 129., 130., 132., 133., 134.])
Frame 152.0: tensor([ 97., 100., 104., 105., 111., 113., 114., 116., 117., 119., 120., 122., 123., 124., 125., 127., 128., 129., 130., 132., 133., 134.])
Frame 153.0: tensor([ 97., 100., 104., 111., 113., 114., 116., 117., 119., 122., 123., 125., 127., 128., 130., 132., 133.])
Frame 154.0: tensor([100., 104., 111., 113., 116., 117., 119., 122., 123., 125., 127., 128., 130., 132., 133., 139., 140.,  99.])
Frame 155.0: tensor([100., 104., 111., 113., 116., 117., 119., 125., 127., 128., 130., 132., 133., 139., 140., 142., 143.,  99.])
Frame 156.0: tensor([100., 104., 111., 113., 116., 117., 125., 127., 128., 130., 132., 133., 139., 140., 142., 143., 144., 145., 146.])
Frame 157.0: tensor([104., 111., 113., 116., 117., 125., 127., 128., 130., 132., 133., 139., 140., 142., 143., 144., 145., 146., 147.])
Frame 158.0: tensor([104., 111., 113., 116., 117., 125., 127., 128., 130., 132., 133., 139., 140., 142., 143., 144., 145., 146., 147., 148.])
Frame 159.0: tensor([111., 113., 116., 117., 127., 130., 132., 133., 139., 140., 142., 143., 144., 145., 146., 147., 148.])
Frame 160.0: tensor([111., 113., 116., 117., 127., 130., 132., 133., 139., 140., 142., 143., 144., 145., 146., 147., 148., 149.])
Frame 161.0: tensor([111., 113., 116., 117., 127., 130., 132., 133., 139., 140., 142., 143., 144., 145., 146., 147., 148., 149., 150.])
Frame 162.0: tensor([111., 113., 116., 117., 127., 130., 133., 139., 140., 143., 144., 145., 146., 147., 148., 149., 150.])
Frame 163.0: tensor([111., 113., 117., 127., 130., 133., 139., 140., 143., 144., 145., 147., 148., 149., 150.])
Frame 164.0: tensor([111., 113., 127., 130., 133., 139., 140., 143., 144., 145., 147., 148., 149., 150.])
Frame 165.0: tensor([111., 113., 127., 130., 133., 139., 140., 143., 144., 145., 147., 148., 149., 150., 132.])
Frame 166.0: tensor([111., 113., 127., 130., 133., 139., 140., 143., 144., 145., 147., 148., 149., 150., 132.])
Frame 167.0: tensor([111., 113., 127., 130., 133., 139., 140., 143., 144., 145., 147., 148., 149., 150., 151., 142., 117.])
Frame 168.0: tensor([111., 113., 127., 130., 133., 139., 140., 143., 144., 145., 147., 148., 149., 150., 151., 152., 142., 117., 132.])
Frame 169.0: tensor([111., 113., 130., 133., 139., 140., 143., 144., 145., 147., 148., 149., 150., 151., 152., 142., 117., 132., 122.])
Frame 170.0: tensor([111., 113., 130., 133., 139., 140., 143., 144., 145., 147., 148., 149., 150., 151., 142., 117., 132., 122.])
Frame 171.0: tensor([111., 130., 133., 139., 140., 143., 144., 147., 148., 149., 150., 151., 142., 117., 132., 122., 153., 146., 152.])
Frame 172.0: tensor([111., 130., 133., 139., 140., 143., 144., 147., 148., 149., 150., 151., 142., 117., 132., 122., 153., 154., 146., 152., 116.])
Frame 173.0: tensor([111., 130., 133., 139., 140., 143., 144., 147., 148., 149., 150., 151., 142., 117., 132., 153., 154., 146., 152., 116., 145.])
Frame 174.0: tensor([111., 130., 133., 139., 140., 143., 144., 147., 149., 150., 151., 142., 117., 132., 153., 154., 146., 152., 116., 145.])
Frame 175.0: tensor([111., 130., 133., 139., 140., 143., 144., 147., 149., 150., 151., 142., 117., 132., 153., 154., 146., 152., 116., 145., 148.])
Frame 176.0: tensor([130., 133., 139., 140., 143., 144., 147., 149., 150., 151., 142., 117., 132., 153., 154., 146., 152., 116., 145., 148.])
Frame 177.0: tensor([130., 133., 139., 140., 143., 144., 147., 149., 150., 142., 117., 132., 153., 154., 146., 152., 116., 145., 148.])
Frame 178.0: tensor([130., 133., 139., 140., 143., 144., 147., 149., 150., 142., 117., 132., 153., 154., 146., 152., 116., 145., 148., 122., 151.])
Frame 179.0: tensor([133., 139., 140., 143., 144., 147., 149., 150., 117., 132., 154., 146., 152., 145., 148., 156., 157., 122., 151.])
Frame 180.0: tensor([133., 139., 140., 144., 147., 149., 150., 117., 132., 154., 146., 152., 145., 148., 156., 157., 122., 158., 159., 125.])
Frame 181.0: tensor([133., 139., 140., 144., 147., 149., 150., 117., 132., 154., 146., 152., 145., 148., 156., 157., 122., 158., 159., 125.])
Frame 182.0: tensor([133., 139., 140., 144., 147., 149., 150., 117., 132., 154., 146., 152., 145., 148., 156., 157., 122., 158., 159., 125., 160., 116., 151.])
Frame 183.0: tensor([133., 139., 140., 144., 147., 149., 150., 117., 132., 154., 146., 152., 145., 148., 156., 157., 122., 158., 159., 125., 160., 116., 151.])
Frame 184.0: tensor([139., 140., 144., 147., 149., 150., 117., 154., 146., 152., 145., 148., 156., 157., 122., 158., 159., 125., 160., 116., 151.])
Frame 185.0: tensor([139., 140., 144., 147., 149., 150., 117., 154., 146., 152., 145., 148., 156., 122., 158., 125., 160., 116., 151.])
Frame 186.0: tensor([139., 140., 144., 147., 149., 150., 117., 154., 146., 152., 145., 148., 156., 122., 158., 125., 160., 116., 151., 162.])
Frame 187.0: tensor([139., 140., 144., 147., 149., 150., 117., 154., 146., 152., 145., 148., 156., 122., 158., 160., 116., 151., 162., 159.])
Frame 188.0: tensor([139., 140., 144., 147., 149., 150., 117., 154., 146., 152., 145., 148., 156., 122., 158., 160., 116., 151., 162., 159.])
Frame 189.0: tensor([139., 140., 144., 147., 149., 150., 117., 154., 146., 152., 145., 148., 156., 122., 158., 160., 151., 162., 159.])
Frame 190.0: tensor([139., 140., 144., 147., 149., 150., 117., 154., 146., 152., 145., 148., 156., 122., 158., 160., 151., 162., 159., 164.])
Frame 191.0: tensor([139., 140., 144., 147., 149., 150., 117., 154., 146., 152., 145., 148., 156., 122., 158., 160., 151., 162., 159., 164., 166., 167.])
Frame 192.0: tensor([139., 140., 144., 147., 149., 150., 154., 146., 152., 145., 148., 156., 158., 160., 151., 162., 159., 164., 166., 167., 168.])
Frame 193.0: tensor([139., 140., 144., 147., 149., 154., 146., 152., 145., 148., 156., 158., 160., 151., 162., 159., 164., 166., 167., 168., 169., 170.])
Frame 194.0: tensor([139., 140., 144., 147., 149., 154., 146., 145., 148., 156., 158., 160., 151., 159., 164., 166., 167., 168., 169., 170., 171., 172.])
Frame 195.0: tensor([139., 140., 144., 147., 149., 154., 146., 145., 156., 158., 151., 159., 164., 166., 167., 168., 169., 170., 171., 172., 174.])
Frame 196.0: tensor([139., 140., 144., 147., 149., 154., 146., 145., 156., 158., 151., 159., 164., 166., 167., 168., 169., 170., 171., 172., 174., 175.])
Frame 197.0: tensor([139., 140., 144., 147., 149., 154., 146., 145., 156., 158., 151., 159., 164., 166., 167., 168., 169., 170., 171., 172., 174., 175., 176.])
Frame 198.0: tensor([139., 140., 144., 147., 154., 146., 145., 156., 158., 159., 164., 166., 167., 168., 169., 170., 171., 172., 174., 175., 176., 160.])
Frame 199.0: tensor([139., 140., 144., 147., 154., 146., 145., 158., 159., 164., 166., 167., 168., 169., 170., 171., 172., 174., 175., 176., 160.])
Frame 200.0: tensor([139., 140., 144., 147., 154., 146., 145., 158., 159., 164., 166., 167., 168., 169., 170., 171., 172., 174., 175., 176., 160.])
Frame 201.0: tensor([139., 140., 144., 147., 154., 145., 158., 159., 164., 166., 167., 168., 169., 170., 171., 172., 175., 176., 160., 179., 180., 156.])
Frame 202.0: tensor([139., 140., 144., 147., 154., 145., 158., 159., 164., 166., 167., 168., 169., 170., 171., 172., 175., 176., 160., 179., 180., 181., 156., 174.])
Frame 203.0: tensor([139., 144., 147., 154., 145., 158., 159., 164., 166., 167., 168., 169., 170., 171., 172., 175., 176., 160., 179., 180., 181., 156., 174.])
Frame 204.0: tensor([139., 144., 147., 154., 145., 158., 159., 164., 166., 167., 168., 169., 170., 171., 172., 175., 176., 160., 179., 180., 181., 156., 174.])
Frame 205.0: tensor([144., 147., 154., 158., 159., 164., 166., 167., 168., 169., 170., 171., 172., 175., 176., 160., 179., 180., 181., 156., 174.])
Frame 206.0: tensor([144., 147., 154., 158., 159., 164., 166., 167., 168., 169., 170., 171., 172., 175., 176., 160., 179., 180., 181., 156., 174.])
Frame 207.0: tensor([147., 154., 158., 159., 164., 166., 167., 168., 169., 170., 171., 172., 175., 176., 160., 179., 180., 181., 156.])
Frame 208.0: tensor([154., 158., 159., 164., 166., 167., 168., 169., 170., 171., 172., 175., 176., 160., 179., 180., 181., 156.])
Frame 209.0: tensor([154., 158., 159., 164., 166., 167., 168., 169., 170., 171., 172., 175., 176., 160., 179., 180., 181., 156., 182.])
Frame 210.0: tensor([154., 158., 159., 164., 166., 168., 169., 170., 171., 172., 175., 176., 160., 179., 180., 181., 156., 182.])
Frame 211.0: tensor([154., 158., 159., 164., 166., 168., 169., 170., 171., 172., 175., 176., 160., 179., 180., 181., 156., 182.])
Frame 212.0: tensor([154., 158., 159., 164., 166., 168., 169., 170., 171., 172., 175., 176., 160., 179., 180., 181., 156., 182.])
Frame 213.0: tensor([154., 158., 159., 164., 166., 168., 169., 170., 171., 172., 175., 176., 160., 179., 180., 181., 156., 182.])
Frame 214.0: tensor([154., 158., 159., 164., 166., 168., 169., 170., 171., 172., 175., 176., 160., 179., 180., 181., 156., 182.])
Frame 215.0: tensor([154., 158., 159., 164., 166., 168., 169., 170., 171., 172., 175., 176., 160., 179., 180., 181., 156., 182., 183.])
Frame 216.0: tensor([154., 158., 159., 164., 166., 168., 169., 170., 171., 172., 175., 176., 160., 179., 180., 181., 156., 182., 183., 184.])
Frame 217.0: tensor([154., 158., 159., 164., 166., 168., 169., 170., 171., 172., 175., 176., 160., 179., 180., 181., 156., 183., 184.])
Frame 218.0: tensor([154., 158., 159., 164., 166., 168., 169., 170., 171., 172., 175., 176., 160., 179., 180., 181., 156., 183., 184., 182.])
Frame 219.0: tensor([154., 158., 159., 164., 166., 168., 169., 170., 171., 172., 175., 176., 179., 180., 181., 156., 183., 184., 182.])
Frame 220.0: tensor([154., 158., 159., 164., 166., 168., 169., 170., 171., 172., 175., 176., 179., 180., 181., 156., 183., 184., 182.])
Frame 221.0: tensor([154., 158., 159., 164., 166., 168., 169., 170., 171., 172., 175., 176., 179., 180., 181., 156., 183., 184., 182.])
Frame 222.0: tensor([154., 158., 159., 164., 166., 168., 169., 170., 171., 172., 175., 176., 179., 180., 181., 156., 183., 184., 182.])
Frame 223.0: tensor([154., 158., 159., 164., 166., 168., 169., 170., 171., 172., 175., 176., 179., 180., 181., 156., 183., 184., 182.])
Frame 224.0: tensor([154., 158., 159., 164., 168., 169., 170., 171., 172., 175., 176., 179., 180., 181., 156., 183., 184., 182.])
Frame 225.0: tensor([154., 158., 159., 164., 168., 169., 170., 171., 172., 175., 176., 179., 180., 181., 156., 183., 184., 182.])
Frame 226.0: tensor([154., 158., 159., 164., 168., 169., 170., 171., 172., 175., 176., 179., 180., 181., 156., 183., 184., 182.])
Frame 227.0: tensor([154., 158., 159., 164., 168., 169., 170., 171., 172., 175., 176., 179., 180., 181., 156., 183., 184., 182.])
Frame 228.0: tensor([154., 158., 159., 164., 168., 169., 170., 171., 172., 175., 176., 179., 180., 181., 156., 183., 184., 182.])
Frame 229.0: tensor([154., 158., 159., 164., 168., 169., 170., 171., 172., 175., 176., 179., 180., 181., 156., 183., 184., 182.])
Frame 230.0: tensor([154., 158., 159., 164., 168., 169., 170., 171., 172., 175., 176., 179., 180., 181., 156., 183., 184., 182.])
Frame 231.0: tensor([154., 158., 159., 164., 168., 169., 170., 171., 172., 175., 176., 179., 180., 181., 156., 183., 184., 182.])
Frame 232.0: tensor([154., 158., 159., 164., 168., 169., 170., 171., 172., 175., 176., 179., 180., 181., 156., 183., 184., 182.])
Frame 233.0: tensor([154., 158., 159., 164., 168., 169., 170., 171., 172., 175., 176., 179., 180., 181., 156., 183., 184., 182., 185.])
Frame 234.0: tensor([154., 158., 159., 164., 168., 169., 170., 171., 172., 175., 176., 179., 180., 181., 156., 183., 184., 182., 185.])
Frame 235.0: tensor([154., 158., 159., 164., 168., 169., 170., 171., 172., 175., 176., 179., 180., 181., 156., 183., 184., 182., 185.])
Frame 236.0: tensor([154., 158., 159., 164., 168., 169., 171., 172., 175., 176., 179., 180., 181., 156., 183., 184., 182., 185.])
Frame 237.0: tensor([154., 158., 159., 164., 168., 169., 171., 172., 175., 176., 179., 180., 181., 156., 183., 184., 182., 185.])
Frame 238.0: tensor([154., 158., 159., 164., 168., 169., 171., 172., 175., 176., 179., 180., 181., 156., 183., 184., 182., 185.])
Frame 239.0: tensor([154., 158., 159., 164., 168., 169., 171., 172., 175., 176., 179., 180., 181., 156., 183., 184., 182., 185.])
Frame 240.0: tensor([154., 158., 159., 164., 168., 169., 171., 172., 175., 176., 179., 180., 181., 156., 183., 184., 182., 185.])
Frame 241.0: tensor([154., 158., 159., 164., 168., 169., 171., 172., 175., 176., 179., 180., 181., 156., 183., 184., 182., 185.])
Frame 242.0: tensor([154., 158., 159., 164., 168., 169., 171., 172., 175., 176., 179., 180., 181., 156., 183., 184., 182., 185.])
Frame 243.0: tensor([154., 158., 159., 164., 168., 169., 171., 172., 175., 176., 179., 180., 181., 156., 183., 184., 182., 185.])
Frame 244.0: tensor([154., 158., 159., 164., 168., 169., 171., 172., 175., 176., 179., 180., 181., 156., 183., 184., 182., 185., 187.])
Frame 245.0: tensor([154., 158., 159., 164., 168., 169., 171., 172., 175., 176., 179., 180., 181., 156., 183., 184., 182., 185., 187., 170.])
Frame 246.0: tensor([154., 158., 159., 164., 168., 169., 171., 172., 175., 176., 179., 180., 181., 156., 183., 184., 182., 185., 187., 170.])
Frame 247.0: tensor([154., 158., 159., 164., 168., 169., 171., 172., 175., 176., 179., 180., 181., 156., 183., 184., 182., 185., 187., 170.])
Frame 248.0: tensor([154., 158., 159., 164., 168., 169., 171., 172., 175., 176., 179., 180., 181., 156., 183., 184., 182., 185., 187., 170.])
Frame 249.0: tensor([154., 158., 159., 164., 168., 169., 171., 172., 175., 176., 179., 180., 181., 156., 183., 184., 182., 185., 187., 170.])
Frame 250.0: tensor([154., 158., 159., 164., 168., 169., 171., 172., 175., 176., 179., 180., 181., 156., 183., 184., 182., 185., 187., 170.])
