Frame 1.0: tensor([ 1.,  2.,  3.,  4.,  5.,  6.,  7.,  8.,  9., 10., 11., 12., 13., 14., 15., 16., 17.])
Frame 2.0: tensor([ 1.,  2.,  3.,  4.,  5.,  6.,  7.,  8.,  9., 10., 11., 12., 13., 14., 15., 16., 17.])
Frame 3.0: tensor([ 1.,  2.,  3.,  4.,  5.,  6.,  7.,  8.,  9., 10., 11., 12., 13., 14., 15., 16., 17.])
Frame 4.0: tensor([ 1.,  2.,  3.,  4.,  5.,  6.,  7.,  8.,  9., 10., 11., 12., 13., 14., 15., 16., 17.])
Frame 5.0: tensor([ 1.,  2.,  3.,  4.,  5.,  6.,  7.,  8.,  9., 10., 11., 12., 13., 14., 15., 16., 17.])
Frame 6.0: tensor([ 1.,  2.,  3.,  4.,  5.,  6.,  7.,  8.,  9., 10., 11., 12., 13., 14., 15., 16., 17.])
Frame 7.0: tensor([ 1.,  2.,  3.,  4.,  5.,  6.,  7.,  8.,  9., 10., 11., 12., 13., 14., 15., 16., 17.])
Frame 8.0: tensor([ 1.,  2.,  3.,  4.,  5.,  6.,  7.,  8.,  9., 10., 11., 12., 13., 14., 15., 16., 17.])
Frame 9.0: tensor([ 1.,  2.,  3.,  4.,  5.,  6.,  7.,  8.,  9., 10., 11., 12., 13., 14., 15., 16., 17.])
Frame 10.0: tensor([ 1.,  2.,  3.,  4.,  5.,  6.,  7.,  8.,  9., 10., 11., 12., 13., 14., 15., 16., 17.])
Frame 11.0: tensor([ 1.,  2.,  3.,  4.,  5.,  6.,  7.,  8.,  9., 10., 11., 12., 13., 14., 15., 16., 17.])
Frame 12.0: tensor([ 1.,  2.,  3.,  4.,  5.,  6.,  7.,  8.,  9., 10., 11., 12., 13., 15., 16., 17.])
Frame 13.0: tensor([ 1.,  2.,  3.,  4.,  5.,  6.,  7.,  8.,  9., 10., 11., 12., 13., 15., 16., 17.])
Frame 14.0: tensor([ 1.,  2.,  3.,  4.,  5.,  6.,  7.,  8.,  9., 10., 11., 12., 13., 15., 16., 17., 14.])
Frame 15.0: tensor([ 1.,  2.,  3.,  4.,  5.,  6.,  7.,  8.,  9., 10., 11., 12., 13., 15., 16., 17.])
Frame 16.0: tensor([ 1.,  2.,  3.,  4.,  5.,  6.,  7.,  8.,  9., 10., 11., 12., 13., 15., 16.])
Frame 17.0: tensor([ 1.,  2.,  3.,  4.,  5.,  6.,  7.,  8.,  9., 10., 11., 12., 13., 15., 16.])
Frame 18.0: tensor([ 1.,  2.,  3.,  4.,  5.,  6.,  7.,  8.,  9., 10., 11., 12., 13., 15., 16.])
Frame 19.0: tensor([ 1.,  2.,  3.,  4.,  5.,  6.,  7.,  8.,  9., 10., 11., 12., 13., 15., 16.])
Frame 20.0: tensor([ 1.,  2.,  3.,  4.,  5.,  6.,  7.,  8.,  9., 10., 11., 12., 13., 15., 16.])
Frame 21.0: tensor([ 1.,  2.,  3.,  4.,  5.,  6.,  7.,  8.,  9., 10., 11., 12., 13., 15.])
Frame 22.0: tensor([ 1.,  2.,  3.,  4.,  5.,  6.,  7.,  8.,  9., 10., 11., 12., 13., 15.])
Frame 23.0: tensor([ 1.,  2.,  3.,  4.,  5.,  6.,  7.,  8.,  9., 10., 11., 12., 13., 15., 18.])
Frame 24.0: tensor([ 1.,  2.,  3.,  4.,  5.,  6.,  7.,  8.,  9., 10., 11., 12., 13., 15., 18.])
Frame 25.0: tensor([ 1.,  2.,  3.,  4.,  5.,  6.,  7.,  8.,  9., 10., 11., 12., 13., 15.])
Frame 26.0: tensor([ 1.,  2.,  3.,  4.,  5.,  6.,  7.,  8.,  9., 11., 12., 13., 15., 18.])
Frame 27.0: tensor([ 1.,  2.,  3.,  4.,  5.,  6.,  7.,  8.,  9., 11., 12., 13., 15., 18.])
Frame 28.0: tensor([ 1.,  2.,  3.,  4.,  5.,  6.,  7.,  8.,  9., 11., 12., 13., 15., 18., 19.])
Frame 29.0: tensor([ 1.,  2.,  3.,  4.,  5.,  6.,  7.,  8.,  9., 11., 12., 13., 15., 18., 19., 20.])
Frame 30.0: tensor([ 1.,  2.,  3.,  4.,  5.,  6.,  7.,  8.,  9., 11., 12., 13., 15., 18., 19., 20.])
Frame 31.0: tensor([ 1.,  2.,  3.,  4.,  5.,  6.,  7.,  8.,  9., 11., 12., 13., 15., 18., 19., 20., 10.])
Frame 32.0: tensor([ 1.,  2.,  3.,  5.,  6.,  7.,  8.,  9., 11., 12., 13., 15., 18., 19., 20., 10.])
Frame 33.0: tensor([ 1.,  2.,  3.,  5.,  6.,  7.,  8.,  9., 11., 12., 13., 15., 18., 19., 20., 10., 21.])
Frame 34.0: tensor([ 1.,  2.,  3.,  5.,  6.,  7.,  8.,  9., 11., 12., 13., 15., 18., 19., 20., 10., 21.])
Frame 35.0: tensor([ 1.,  2.,  3.,  5.,  6.,  7.,  8.,  9., 11., 12., 13., 15., 18., 19., 20., 10., 21., 22.])
Frame 36.0: tensor([ 1.,  2.,  5.,  6.,  7.,  8.,  9., 12., 13., 15., 18., 19., 20., 10., 21., 22.])
Frame 37.0: tensor([ 1.,  2.,  5.,  6.,  7.,  8.,  9., 12., 13., 15., 18., 19., 20., 21., 22.])
Frame 38.0: tensor([ 1.,  2.,  5.,  6.,  7.,  8.,  9., 12., 13., 15., 18., 19., 20., 21., 22.])
Frame 39.0: tensor([ 1.,  2.,  5.,  6.,  7.,  8.,  9., 12., 13., 15., 18., 19., 20., 21., 22.])
Frame 40.0: tensor([ 1.,  2.,  5.,  6.,  7.,  8.,  9., 12., 13., 15., 18., 19., 20., 21., 22.])
Frame 41.0: tensor([ 1.,  2.,  5.,  6.,  7.,  8.,  9., 12., 13., 15., 18., 19., 20., 21., 22., 10.])
Frame 42.0: tensor([ 1.,  2.,  5.,  6.,  7.,  8.,  9., 12., 13., 15., 18., 19., 20., 21., 22., 10.])
Frame 43.0: tensor([ 1.,  2.,  5.,  6.,  7.,  8.,  9., 12., 13., 15., 19., 20., 21., 22., 10., 24.])
Frame 44.0: tensor([ 1.,  2.,  5.,  6.,  7.,  8.,  9., 12., 13., 15., 19., 20., 21., 22., 10., 24., 25., 26.])
Frame 45.0: tensor([ 2.,  5.,  6.,  7.,  8.,  9., 12., 13., 15., 19., 20., 21., 22., 24., 25., 26.])
Frame 46.0: tensor([ 2.,  5.,  6.,  7.,  8.,  9., 12., 13., 15., 19., 20., 21., 22., 24., 25., 26., 27., 28.])
Frame 47.0: tensor([ 2.,  5.,  6.,  7.,  8.,  9., 12., 13., 15., 19., 20., 21., 22., 24., 25., 26., 27., 28.])
Frame 48.0: tensor([ 5.,  6.,  7.,  8.,  9., 12., 13., 15., 19., 20., 21., 22., 24., 25., 26., 27., 28., 29., 30.])
Frame 49.0: tensor([ 5.,  6.,  7.,  8.,  9., 12., 13., 19., 20., 21., 22., 24., 25., 26., 27., 28., 29., 31.])
Frame 50.0: tensor([ 5.,  6.,  7.,  8.,  9., 12., 13., 19., 20., 21., 22., 24., 25., 26., 27., 28., 29., 31., 32., 33., 34., 35.])
Frame 51.0: tensor([ 5.,  7.,  8.,  9., 12., 13., 19., 20., 21., 22., 24., 25., 26., 27., 28., 29., 31., 32., 33., 34.])
Frame 52.0: tensor([ 5.,  7.,  8.,  9., 12., 19., 20., 21., 22., 24., 25., 26., 27., 28., 29., 31., 32., 33., 34.])
Frame 53.0: tensor([ 5.,  7.,  8., 12., 19., 20., 21., 22., 24., 25., 26., 27., 28., 29., 31., 32., 33., 34., 36., 37.])
Frame 54.0: tensor([ 5.,  7.,  8., 12., 19., 20., 22., 24., 25., 26., 27., 28., 29., 31., 32., 33., 34., 36., 37., 18.])
Frame 55.0: tensor([ 5.,  7.,  8., 12., 19., 20., 22., 24., 25., 26., 27., 28., 29., 31., 32., 33., 34., 36., 37., 38., 39., 40., 18.])
Frame 56.0: tensor([ 5.,  7.,  8., 12., 19., 20., 22., 24., 25., 26., 27., 28., 29., 31., 32., 33., 34., 36., 37., 38., 39., 40., 18., 41., 42.])
Frame 57.0: tensor([ 5.,  7., 12., 19., 20., 22., 24., 25., 26., 27., 28., 31., 32., 33., 34., 36., 37., 38., 39., 40., 18., 41., 42., 43., 44., 45.])
Frame 58.0: tensor([ 5.,  7., 12., 19., 20., 22., 24., 25., 26., 27., 28., 31., 32., 33., 34., 36., 37., 38., 39., 40., 18., 41., 42., 43., 44., 45.,  8.])
Frame 59.0: tensor([ 5.,  7., 12., 19., 20., 22., 24., 25., 26., 27., 28., 31., 32., 33., 34., 36., 37., 38., 39., 40., 18., 41., 42., 43., 44., 45., 47.])
Frame 60.0: tensor([ 5.,  7., 12., 19., 20., 22., 24., 25., 26., 27., 28., 31., 32., 33., 34., 36., 37., 38., 39., 40., 41., 42., 43., 44., 45., 47., 48., 29.])
Frame 61.0: tensor([ 5.,  7., 12., 19., 20., 22., 24., 25., 26., 27., 28., 31., 32., 33., 34., 36., 37., 38., 39., 40., 41., 43., 44., 45., 47., 48.])
Frame 62.0: tensor([ 5., 19., 20., 22., 24., 25., 26., 27., 28., 31., 32., 33., 34., 36., 37., 38., 39., 40., 41., 43., 44., 45., 47., 48.])
Frame 63.0: tensor([19., 22., 24., 25., 26., 27., 28., 31., 32., 33., 34., 36., 37., 38., 39., 40., 41., 43., 44., 45., 47., 48., 49.])
Frame 64.0: tensor([19., 22., 24., 25., 26., 27., 28., 31., 32., 33., 34., 36., 37., 38., 39., 40., 41., 43., 44., 45., 47., 48., 49.])
Frame 65.0: tensor([19., 22., 24., 25., 26., 27., 28., 31., 32., 33., 34., 36., 37., 38., 39., 40., 41., 43., 44., 45., 47., 48., 49., 42.])
Frame 66.0: tensor([19., 22., 24., 25., 26., 27., 28., 31., 32., 33., 34., 36., 37., 38., 39., 40., 41., 43., 44., 45., 47., 48., 49., 42.])
Frame 67.0: tensor([19., 22., 24., 25., 26., 27., 28., 31., 32., 33., 34., 36., 37., 38., 39., 40., 41., 43., 44., 45., 47., 48., 49., 42.])
Frame 68.0: tensor([19., 22., 24., 25., 26., 27., 28., 31., 32., 33., 34., 36., 37., 38., 39., 41., 44., 45., 47., 48., 49., 42., 50.])
Frame 69.0: tensor([19., 22., 24., 25., 26., 27., 28., 31., 32., 33., 34., 36., 38., 41., 44., 47., 48., 42., 50., 51.])
Frame 70.0: tensor([19., 22., 24., 25., 26., 27., 28., 31., 32., 33., 36., 38., 41., 44., 47., 48., 42., 50., 51., 52., 37.])
Frame 71.0: tensor([19., 22., 24., 25., 26., 27., 28., 31., 32., 36., 38., 41., 44., 47., 48., 42., 50., 51., 52.])
Frame 72.0: tensor([19., 22., 24., 25., 26., 27., 28., 31., 32., 36., 38., 41., 44., 47., 48., 42., 50., 51., 52., 53., 49., 34.])
Frame 73.0: tensor([19., 22., 24., 25., 26., 27., 28., 31., 32., 36., 38., 41., 44., 47., 48., 42., 50., 51., 52., 53., 49., 34.])
Frame 74.0: tensor([19., 22., 24., 25., 26., 27., 28., 31., 32., 36., 38., 41., 44., 47., 48., 42., 50., 51., 52., 53., 49., 34., 54.])
Frame 75.0: tensor([19., 22., 24., 25., 26., 27., 28., 31., 32., 36., 38., 41., 44., 47., 48., 42., 50., 51., 52., 53., 49., 34., 54.])
Frame 76.0: tensor([19., 22., 24., 25., 26., 27., 28., 31., 32., 36., 38., 41., 44., 47., 48., 42., 50., 51., 52., 53., 49., 34., 54., 56., 39.])
Frame 77.0: tensor([19., 22., 24., 25., 26., 27., 28., 31., 32., 36., 38., 41., 44., 47., 48., 42., 50., 51., 52., 53., 49., 34., 54., 56., 57., 39.])
Frame 78.0: tensor([19., 22., 24., 25., 26., 27., 28., 31., 32., 36., 38., 41., 44., 47., 48., 42., 50., 51., 52., 53., 49., 34., 54., 56., 57., 39.])
Frame 79.0: tensor([19., 22., 24., 25., 26., 27., 28., 31., 32., 36., 38., 41., 44., 47., 48., 42., 50., 51., 52., 53., 49., 34., 54., 56., 57., 39.])
Frame 80.0: tensor([19., 22., 24., 25., 26., 27., 28., 31., 32., 36., 38., 41., 44., 47., 48., 42., 50., 51., 52., 53., 49., 54., 56., 57., 39.])
Frame 81.0: tensor([19., 22., 24., 25., 26., 27., 28., 31., 32., 36., 38., 41., 44., 47., 48., 42., 50., 51., 52., 53., 49., 54., 56., 57., 39.])
Frame 82.0: tensor([19., 22., 24., 25., 26., 27., 28., 31., 32., 36., 38., 41., 44., 47., 48., 42., 50., 51., 52., 53., 49., 54., 56., 57., 39.])
Frame 83.0: tensor([22., 24., 25., 26., 27., 28., 31., 32., 36., 38., 41., 44., 47., 42., 50., 51., 52., 53., 49., 54., 56., 57., 39.])
Frame 84.0: tensor([22., 24., 25., 26., 27., 28., 31., 32., 36., 38., 41., 44., 47., 42., 50., 51., 52., 53., 49., 54., 56., 57., 39.])
Frame 85.0: tensor([22., 24., 25., 26., 27., 28., 31., 32., 36., 38., 41., 44., 47., 42., 50., 51., 52., 53., 49., 54., 56., 57., 39.])
Frame 86.0: tensor([22., 24., 25., 26., 27., 28., 32., 36., 38., 41., 44., 42., 50., 51., 52., 53., 49., 54., 56., 57., 39.])
Frame 87.0: tensor([22., 24., 25., 26., 27., 28., 32., 36., 38., 41., 44., 42., 50., 51., 52., 53., 49., 54., 56., 57., 39.])
Frame 88.0: tensor([22., 24., 25., 26., 27., 28., 32., 36., 38., 41., 44., 42., 50., 51., 52., 53., 49., 54., 56., 57., 39.])
Frame 89.0: tensor([22., 24., 25., 26., 27., 28., 32., 36., 38., 41., 44., 42., 50., 51., 52., 53., 49., 54., 56., 57., 59., 60.])
Frame 90.0: tensor([24., 25., 26., 27., 28., 32., 36., 38., 41., 44., 42., 50., 51., 52., 53., 49., 54., 56., 57., 59., 60.])
Frame 91.0: tensor([24., 25., 26., 27., 32., 36., 38., 41., 44., 42., 50., 51., 52., 53., 49., 54., 56., 57., 59., 60., 61.])
Frame 92.0: tensor([24., 25., 26., 27., 32., 36., 38., 41., 44., 42., 50., 51., 52., 53., 49., 54., 56., 57., 59., 60.])
Frame 93.0: tensor([24., 25., 26., 27., 32., 36., 38., 41., 44., 42., 50., 51., 52., 53., 49., 54., 56., 57., 59., 60.])
Frame 94.0: tensor([24., 25., 26., 27., 32., 36., 38., 41., 44., 42., 50., 51., 52., 53., 49., 54., 56., 57., 59., 60., 63., 64., 65., 66., 67.])
Frame 95.0: tensor([24., 25., 26., 27., 32., 36., 38., 41., 44., 42., 50., 51., 52., 53., 49., 54., 56., 57., 59., 60., 63., 64., 65., 66., 67.])
Frame 96.0: tensor([24., 25., 26., 27., 32., 36., 38., 41., 44., 42., 50., 51., 52., 53., 49., 54., 56., 57., 59., 60., 63., 64., 65., 66., 67.])
Frame 97.0: tensor([25., 26., 27., 32., 36., 38., 41., 44., 42., 50., 51., 52., 53., 49., 54., 56., 57., 59., 60., 63., 64., 65., 66., 67., 68., 69.])
Frame 98.0: tensor([26., 27., 32., 36., 38., 41., 44., 42., 50., 51., 52., 53., 49., 54., 56., 57., 59., 60., 63., 64., 65., 66., 67., 68., 69., 70.])
Frame 99.0: tensor([32., 36., 38., 41., 44., 42., 50., 51., 52., 53., 49., 54., 56., 57., 59., 60., 63., 64., 65., 66., 67., 68., 69., 70., 73., 74.])
Frame 100.0: tensor([36., 38., 41., 44., 42., 50., 51., 52., 53., 49., 54., 56., 57., 59., 60., 63., 64., 65., 66., 67., 68., 69., 70., 73., 74., 75.])
Frame 101.0: tensor([36., 38., 41., 44., 42., 51., 52., 53., 49., 54., 56., 57., 59., 60., 63., 64., 65., 66., 67., 68., 69., 70., 73., 74., 76., 77.])
Frame 102.0: tensor([36., 38., 41., 44., 42., 51., 52., 53., 49., 54., 57., 59., 60., 63., 64., 65., 66., 67., 68., 69., 70., 73., 74., 76., 77.])
Frame 103.0: tensor([38., 44., 42., 51., 52., 53., 49., 54., 57., 59., 60., 63., 64., 65., 66., 67., 68., 70., 73., 74., 76., 77.])
Frame 104.0: tensor([44., 51., 52., 53., 49., 54., 57., 59., 60., 63., 64., 65., 66., 67., 68., 70., 73., 74., 76., 77., 78., 79.])
Frame 105.0: tensor([51., 52., 53., 49., 54., 57., 59., 60., 63., 64., 65., 66., 67., 68., 70., 73., 74., 76., 77., 78., 79., 80.])
Frame 106.0: tensor([51., 52., 53., 49., 54., 57., 59., 60., 63., 64., 65., 66., 67., 68., 70., 73., 74., 76., 77., 78., 79., 80., 81.])
Frame 107.0: tensor([51., 52., 53., 49., 54., 57., 59., 60., 63., 64., 65., 66., 67., 68., 70., 73., 74., 76., 77., 78., 79., 80., 81., 82.])
Frame 108.0: tensor([51., 52., 53., 49., 54., 57., 59., 60., 63., 64., 65., 66., 67., 68., 70., 73., 74., 76., 77., 78., 79., 81., 82., 83., 84., 85., 86.])
Frame 109.0: tensor([51., 49., 54., 57., 59., 60., 63., 64., 65., 66., 67., 68., 70., 73., 74., 76., 77., 78., 79., 81., 82., 83., 84., 85., 86., 87.])
Frame 110.0: tensor([51., 49., 54., 57., 59., 60., 63., 64., 65., 66., 67., 68., 70., 73., 74., 76., 77., 78., 79., 81., 82., 83., 84., 85., 86., 87.])
Frame 111.0: tensor([51., 49., 54., 57., 59., 60., 63., 64., 65., 66., 67., 68., 70., 73., 74., 76., 77., 78., 79., 81., 82., 83., 84., 86., 87., 89.])
Frame 112.0: tensor([57., 59., 60., 63., 64., 65., 66., 67., 68., 70., 74., 76., 78., 79., 81., 82., 83., 84., 86., 87., 89., 91.])
Frame 113.0: tensor([57., 59., 60., 63., 64., 65., 66., 67., 68., 70., 74., 76., 78., 79., 81., 82., 83., 84., 86., 89., 91., 92., 93.])
Frame 114.0: tensor([57., 59., 60., 63., 64., 65., 66., 67., 68., 70., 76., 78., 79., 81., 82., 83., 84., 86., 89., 91., 92., 93., 94.])
Frame 115.0: tensor([57., 59., 60., 63., 64., 65., 66., 67., 68., 70., 76., 78., 79., 81., 82., 83., 84., 86., 89., 91., 92., 93., 94., 95.])
Frame 116.0: tensor([57., 59., 60., 63., 64., 65., 66., 67., 68., 70., 76., 78., 79., 81., 82., 83., 84., 86., 89., 91., 92., 93., 94., 95.])
Frame 117.0: tensor([57., 59., 63., 64., 65., 66., 67., 68., 70., 76., 78., 79., 81., 82., 83., 84., 86., 89., 91., 92., 93., 94., 95.])
Frame 118.0: tensor([57., 59., 63., 64., 65., 66., 67., 68., 70., 76., 78., 79., 81., 82., 83., 84., 86., 89., 91., 92., 93., 94., 95., 97.])
Frame 119.0: tensor([57., 59., 63., 64., 65., 66., 67., 68., 70., 76., 78., 79., 81., 82., 83., 84., 86., 89., 91., 92., 93., 94., 95., 97., 98.])
Frame 120.0: tensor([57., 59., 63., 64., 65., 66., 67., 68., 70., 76., 78., 79., 81., 82., 83., 84., 86., 89., 91., 92., 93., 94., 95., 97., 98., 99.])
Frame 121.0: tensor([ 57.,  59.,  63.,  65.,  66.,  67.,  68.,  70.,  78.,  79.,  81.,  82.,  83.,  84.,  86.,  89.,  91.,  92.,  93.,  94.,  95.,  97.,  98.,  99., 100.])
Frame 122.0: tensor([ 57.,  59.,  63.,  65.,  66.,  68.,  70.,  78.,  79.,  81.,  82.,  83.,  84.,  86.,  89.,  91.,  92.,  93.,  94.,  95.,  97.,  98.,  99., 100., 101.])
Frame 123.0: tensor([ 57.,  59.,  63.,  65.,  66.,  68.,  70.,  78.,  79.,  81.,  82.,  83.,  84.,  86.,  89.,  91.,  92.,  93.,  94.,  95.,  97.,  98.,  99., 100., 101., 102.])
Frame 124.0: tensor([ 57.,  59.,  63.,  65.,  66.,  68.,  70.,  78.,  79.,  81.,  82.,  83.,  84.,  86.,  89.,  91.,  92.,  93.,  94.,  95.,  97.,  98.,  99., 100., 101., 102.])
Frame 125.0: tensor([ 57.,  59.,  63.,  65.,  66.,  68.,  70.,  78.,  79.,  81.,  82.,  83.,  84.,  86.,  89.,  91.,  92.,  93.,  94.,  95.,  97.,  98.,  99., 100., 101., 102.,  64.])
Frame 126.0: tensor([ 57.,  59.,  63.,  65.,  66.,  68.,  70.,  78.,  79.,  81.,  82.,  84.,  86.,  89.,  91.,  92.,  93.,  94.,  95.,  97.,  98.,  99., 100., 101., 102.,  64.])
Frame 127.0: tensor([ 59.,  63.,  65.,  66.,  68.,  70.,  78.,  79.,  81.,  82.,  84.,  86.,  91.,  92.,  93.,  94.,  95.,  97.,  98.,  99., 100., 101., 102.,  64., 104., 105.])
Frame 128.0: tensor([ 59.,  63.,  65.,  66.,  68.,  70.,  78.,  79.,  81.,  82.,  84.,  86.,  91.,  92.,  93.,  94.,  95.,  97.,  98.,  99., 100., 101., 102.,  64., 104., 105.])
Frame 129.0: tensor([ 59.,  63.,  65.,  66.,  68.,  70.,  78.,  79.,  81.,  82.,  84.,  86.,  91.,  93.,  94.,  95.,  97.,  98.,  99., 100., 101., 102.,  64., 104., 105.])
Frame 130.0: tensor([ 59.,  63.,  65.,  66.,  68.,  70.,  78.,  79.,  81.,  82.,  84.,  86.,  91.,  93.,  94.,  95.,  97.,  98.,  99., 100., 101., 102.,  64., 104., 106.,  89.])
Frame 131.0: tensor([ 59.,  63.,  65.,  66.,  68.,  70.,  78.,  79.,  81.,  82.,  84.,  86.,  91.,  93.,  94.,  95.,  97.,  98.,  99., 100., 101., 102.,  64., 104., 106.,  89.])
Frame 132.0: tensor([ 59.,  63.,  65.,  66.,  68.,  70.,  78.,  79.,  81.,  82.,  84.,  91.,  93.,  94.,  95.,  97.,  98.,  99., 100., 102.,  64.,  89.])
Frame 133.0: tensor([ 59.,  63.,  65.,  66.,  70.,  78.,  79.,  81.,  82.,  84.,  91.,  93.,  94.,  95.,  97.,  98.,  99., 100., 102.,  64.,  89., 108.,  86.])
Frame 134.0: tensor([ 59.,  63.,  65.,  70.,  78.,  79.,  81.,  82.,  84.,  91.,  93.,  94.,  95.,  97.,  98.,  99., 100., 102.,  64.,  89., 109., 110.,  86.])
Frame 135.0: tensor([ 59.,  63.,  65.,  70.,  78.,  79.,  81.,  82.,  84.,  91.,  93.,  94.,  95.,  97.,  98.,  99., 100., 102.,  89., 109., 110.,  86., 111.])
Frame 136.0: tensor([ 59.,  63.,  65.,  70.,  78.,  79.,  81.,  82.,  84.,  91.,  93.,  94.,  95.,  97.,  98.,  99., 100., 102.,  89., 109., 110., 111., 112.])
Frame 137.0: tensor([ 65.,  70.,  78.,  79.,  81.,  82.,  84.,  91.,  93.,  94.,  95.,  97.,  98.,  99., 100., 102.,  89., 109., 110., 111., 112., 108.])
Frame 138.0: tensor([ 65.,  70.,  78.,  79.,  81.,  82.,  84.,  91.,  93.,  94.,  95.,  97.,  98.,  99., 100., 102.,  89., 109., 110., 111., 112., 108.])
Frame 139.0: tensor([ 65.,  78.,  79.,  81.,  82.,  84.,  91.,  93.,  94.,  95.,  97.,  98.,  99., 100., 102.,  89., 109., 110., 111., 112., 108., 113.])
Frame 140.0: tensor([ 65.,  78.,  79.,  81.,  82.,  84.,  91.,  93.,  94.,  95.,  97.,  98.,  99., 100., 102.,  89., 109., 110., 111., 112., 108., 113., 114.])
Frame 141.0: tensor([ 65.,  78.,  79.,  81.,  82.,  84.,  91.,  93.,  94.,  95.,  97.,  98.,  99., 100., 102.,  89., 109., 110., 111., 112., 108., 113., 114., 115.])
Frame 142.0: tensor([ 65.,  79.,  81.,  82.,  84.,  91.,  93.,  94.,  95.,  97.,  98.,  99., 100., 102.,  89., 109., 110., 112., 108., 113., 114., 115., 116., 117., 118.])
Frame 143.0: tensor([ 81.,  82.,  84.,  91.,  93.,  94.,  95.,  97.,  98.,  99., 100., 102.,  89., 109., 110., 112., 108., 113., 114., 115., 116., 117., 118., 119., 120., 121.])
Frame 144.0: tensor([ 81.,  84.,  91.,  93.,  94.,  95.,  97.,  98., 100., 102.,  89., 109., 110., 112., 108., 113., 114., 115., 116., 117., 118., 119., 120., 121., 122.])
Frame 145.0: tensor([ 81.,  84.,  91.,  93.,  94.,  95.,  97.,  98., 100., 102., 109., 110., 112., 108., 113., 114., 115., 116., 117., 118., 119., 120., 121., 122., 123., 124.])
Frame 146.0: tensor([ 91.,  94.,  97.,  98., 100., 102., 109., 110., 112., 108., 113., 114., 115., 116., 117., 118., 119., 120., 121., 122., 123., 124., 125.])
Frame 147.0: tensor([ 94.,  97.,  98., 100., 102., 109., 110., 112., 108., 113., 114., 115., 116., 117., 118., 119., 120., 121., 122., 123., 124., 125., 126.])
Frame 148.0: tensor([ 94.,  97.,  98., 100., 102., 109., 112., 108., 113., 114., 115., 116., 117., 118., 119., 120., 123., 124., 125., 126., 127.,  95.])
Frame 149.0: tensor([ 94.,  97.,  98., 100., 102., 109., 112., 113., 114., 116., 117., 118., 119., 120., 123., 124., 125., 126., 127., 128., 129.])
Frame 150.0: tensor([ 94.,  97.,  98., 100., 102., 109., 112., 113., 114., 116., 117., 118., 120., 123., 124., 125., 126., 127., 128., 129., 130.])
Frame 151.0: tensor([ 94.,  97.,  98., 102., 109., 112., 113., 114., 116., 117., 118., 120., 123., 124., 125., 126., 127., 128., 129., 130., 131., 132., 119.])
Frame 152.0: tensor([ 94.,  97., 102., 109., 112., 113., 114., 116., 117., 118., 120., 123., 125., 126., 127., 128., 129., 130., 131., 132.])
Frame 153.0: tensor([ 94.,  97., 102., 109., 112., 113., 116., 117., 118., 120., 123., 125., 127., 128., 129., 130., 132., 119.])
Frame 154.0: tensor([ 97., 102., 109., 112., 116., 117., 118., 123., 125., 127., 128., 129., 130., 132., 138., 119.,  92.])
Frame 155.0: tensor([ 97., 102., 109., 112., 116., 117., 123., 125., 127., 128., 129., 130., 132., 138., 119.,  92.])
Frame 156.0: tensor([ 97., 102., 109., 112., 116., 117., 123., 125., 127., 128., 129., 130., 132., 138., 139., 140., 143.])
Frame 157.0: tensor([102., 109., 112., 116., 117., 123., 125., 127., 128., 129., 130., 132., 138., 139., 140., 143., 145., 118.])
Frame 158.0: tensor([102., 109., 112., 116., 117., 123., 125., 128., 129., 130., 132., 138., 139., 140., 143., 145., 146., 118.])
Frame 159.0: tensor([109., 112., 116., 117., 125., 128., 129., 130., 132., 138., 139., 140., 143., 145., 118., 149.])
Frame 160.0: tensor([109., 112., 116., 117., 125., 128., 129., 130., 132., 138., 139., 140., 143., 145., 149., 150., 146.])
Frame 161.0: tensor([109., 112., 116., 117., 125., 128., 130., 132., 138., 139., 140., 143., 145., 149., 150., 146.])
Frame 162.0: tensor([109., 112., 116., 117., 125., 128., 130., 138., 139., 140., 143., 145., 149., 150., 146.])
Frame 163.0: tensor([109., 112., 117., 125., 128., 130., 138., 139., 140., 143., 145., 150., 146.])
Frame 164.0: tensor([109., 112., 125., 128., 130., 138., 139., 140., 143., 145., 150., 146., 158.])
Frame 165.0: tensor([109., 112., 125., 128., 130., 138., 139., 140., 143., 145., 150., 146., 158.])
Frame 166.0: tensor([109., 112., 125., 128., 130., 138., 139., 140., 143., 145., 150., 146., 158.])
Frame 167.0: tensor([109., 112., 125., 128., 130., 138., 139., 140., 143., 145., 150., 146., 158., 162., 117.])
Frame 168.0: tensor([109., 112., 125., 128., 130., 138., 139., 140., 143., 145., 150., 146., 158., 162., 164., 117., 118., 129., 132.])
Frame 169.0: tensor([109., 112., 128., 130., 138., 139., 140., 143., 145., 150., 146., 158., 162., 117., 118., 129., 132.])
Frame 170.0: tensor([109., 112., 128., 130., 138., 139., 140., 143., 145., 150., 146., 158., 162., 117., 118., 129., 132.])
Frame 171.0: tensor([109., 128., 130., 138., 139., 140., 145., 150., 146., 158., 162., 117., 118., 129., 116., 164.])
Frame 172.0: tensor([109., 128., 130., 138., 139., 140., 145., 150., 146., 158., 162., 117., 129., 169., 170., 116., 164., 149., 143.])
Frame 173.0: tensor([109., 128., 130., 138., 139., 140., 145., 150., 146., 158., 162., 117., 129., 170., 116., 164., 149., 143.])
Frame 174.0: tensor([109., 128., 130., 138., 139., 140., 145., 150., 146., 158., 162., 117., 129., 170., 116., 164., 149., 143., 174.])
Frame 175.0: tensor([109., 130., 138., 139., 140., 145., 150., 146., 158., 162., 117., 129., 170., 116., 164., 149., 143., 112.])
Frame 176.0: tensor([130., 138., 139., 140., 145., 150., 146., 158., 162., 117., 129., 170., 116., 164., 149., 143., 112.])
Frame 177.0: tensor([130., 138., 139., 140., 145., 150., 146., 158., 117., 129., 170., 116., 164., 149., 143., 112., 118.])
Frame 178.0: tensor([130., 138., 139., 140., 145., 150., 146., 158., 117., 129., 170., 116., 164., 149., 143., 180., 118., 162.])
Frame 179.0: tensor([130., 138., 139., 140., 145., 150., 146., 158., 117., 129., 170., 164., 149., 143., 118., 181., 182., 162.])
Frame 180.0: tensor([130., 138., 139., 140., 145., 150., 146., 158., 117., 129., 170., 164., 149., 143., 118., 181., 182., 184.])
Frame 181.0: tensor([130., 138., 139., 140., 145., 150., 146., 158., 117., 129., 170., 164., 149., 143., 118., 181., 182., 184., 185., 186., 162.])
Frame 182.0: tensor([130., 138., 139., 140., 145., 150., 146., 158., 117., 129., 170., 164., 149., 143., 118., 181., 184., 185., 186., 187., 162., 116.])
Frame 183.0: tensor([130., 138., 139., 140., 145., 150., 146., 158., 117., 170., 164., 149., 143., 118., 181., 184., 185., 186., 187., 162., 188., 116., 182.])
Frame 184.0: tensor([138., 139., 140., 145., 150., 146., 158., 117., 170., 164., 149., 143., 118., 181., 184., 185., 186., 187., 162., 188., 116., 182.])
Frame 185.0: tensor([138., 139., 140., 145., 150., 146., 158., 117., 170., 164., 149., 143., 118., 184., 186., 187., 162., 188., 116., 182.])
Frame 186.0: tensor([138., 139., 140., 145., 150., 146., 158., 117., 170., 164., 149., 143., 118., 184., 186., 187., 162., 188., 116., 182.])
Frame 187.0: tensor([138., 139., 140., 145., 150., 146., 158., 117., 170., 164., 149., 143., 118., 184., 187., 162., 188., 116., 182., 190., 185.])
Frame 188.0: tensor([138., 139., 140., 145., 150., 146., 158., 117., 170., 164., 149., 143., 118., 184., 187., 162., 188., 116., 182., 191., 185.])
Frame 189.0: tensor([138., 139., 140., 145., 150., 146., 158., 117., 170., 164., 149., 143., 118., 184., 187., 162., 188., 182., 191., 185., 192.])
Frame 190.0: tensor([138., 139., 140., 145., 150., 146., 158., 117., 170., 164., 149., 143., 118., 184., 187., 162., 188., 182., 191., 185., 192., 193.])
Frame 191.0: tensor([138., 139., 140., 145., 150., 146., 158., 117., 170., 164., 149., 143., 118., 184., 187., 162., 188., 182., 191., 185., 192., 193.])
Frame 192.0: tensor([138., 139., 140., 145., 150., 146., 170., 164., 149., 143., 184., 187., 162., 188., 182., 191., 185., 192., 193., 196.])
Frame 193.0: tensor([138., 139., 140., 145., 150., 146., 170., 164., 149., 143., 184., 187., 162., 182., 191., 185., 192., 193., 196., 197., 198.])
Frame 194.0: tensor([138., 139., 140., 145., 150., 146., 170., 149., 143., 184., 187., 162., 182., 191., 185., 192., 193., 196., 197., 199.])
Frame 195.0: tensor([138., 139., 140., 145., 150., 170., 149., 143., 184., 162., 182., 191., 185., 192., 193., 196., 197., 199., 200., 201., 202., 198.])
Frame 196.0: tensor([138., 139., 140., 145., 150., 170., 149., 143., 184., 162., 182., 191., 185., 192., 193., 196., 197., 199., 200., 201., 202., 198.])
Frame 197.0: tensor([138., 139., 140., 145., 150., 170., 149., 143., 184., 162., 182., 191., 185., 192., 193., 196., 197., 199., 200., 201., 202., 198., 203., 204.])
Frame 198.0: tensor([138., 139., 140., 145., 170., 149., 143., 184., 182., 191., 185., 192., 193., 196., 197., 199., 200., 201., 202., 198., 203., 187.])
Frame 199.0: tensor([138., 139., 140., 145., 170., 149., 143., 184., 191., 185., 192., 193., 197., 199., 200., 202., 198., 203., 187.])
Frame 200.0: tensor([138., 139., 140., 145., 170., 149., 143., 184., 191., 185., 192., 193., 197., 199., 200., 202., 198., 203., 187.])
Frame 201.0: tensor([138., 139., 140., 145., 170., 143., 184., 191., 185., 192., 193., 197., 199., 200., 202., 198., 203., 187., 208., 209., 182., 196.])
Frame 202.0: tensor([138., 139., 140., 145., 170., 143., 184., 191., 185., 192., 193., 197., 199., 200., 202., 198., 203., 187., 208., 209., 182., 196.])
Frame 203.0: tensor([139., 140., 145., 170., 143., 184., 191., 185., 192., 193., 197., 199., 200., 202., 198., 203., 187., 208., 209., 182., 196., 210., 212.])
Frame 204.0: tensor([139., 140., 145., 170., 143., 184., 191., 185., 192., 193., 197., 199., 200., 202., 198., 203., 187., 208., 209., 182., 196., 210., 212.])
Frame 205.0: tensor([139., 145., 170., 184., 191., 185., 192., 193., 197., 199., 200., 202., 198., 203., 187., 208., 209., 182., 196., 210., 213.])
Frame 206.0: tensor([139., 145., 170., 184., 191., 185., 192., 193., 197., 199., 200., 202., 198., 203., 187., 208., 209., 182., 196., 210., 213.])
Frame 207.0: tensor([170., 184., 185., 192., 193., 197., 199., 200., 202., 198., 203., 187., 208., 209., 182., 196., 210., 213.])
Frame 208.0: tensor([170., 184., 185., 192., 193., 197., 199., 200., 202., 198., 203., 187., 208., 209., 182., 196., 210., 213.])
Frame 209.0: tensor([170., 184., 185., 192., 193., 197., 199., 200., 202., 198., 203., 187., 208., 209., 182., 196., 210., 213.])
Frame 210.0: tensor([170., 184., 185., 192., 193., 197., 199., 200., 202., 198., 203., 187., 208., 209., 182., 196., 210., 213.])
Frame 211.0: tensor([170., 184., 185., 192., 193., 197., 199., 200., 202., 198., 203., 187., 208., 209., 182., 196., 210., 213.])
Frame 212.0: tensor([170., 184., 185., 192., 193., 197., 199., 200., 202., 198., 203., 187., 208., 209., 182., 196., 210., 213.])
Frame 213.0: tensor([170., 184., 185., 192., 193., 197., 199., 200., 202., 198., 203., 187., 208., 209., 182., 196., 210.])
Frame 214.0: tensor([170., 184., 185., 192., 193., 197., 199., 200., 202., 198., 203., 187., 208., 209., 182., 196., 210.])
Frame 215.0: tensor([170., 184., 185., 192., 193., 197., 199., 200., 202., 198., 203., 187., 208., 209., 182., 196., 210., 214.])
Frame 216.0: tensor([170., 184., 185., 192., 193., 197., 199., 200., 202., 198., 203., 187., 208., 209., 182., 196., 210., 214., 216.])
Frame 217.0: tensor([170., 184., 185., 192., 193., 197., 199., 200., 202., 198., 203., 187., 208., 209., 182., 196., 210., 214., 216., 217.])
Frame 218.0: tensor([170., 184., 185., 192., 193., 197., 199., 200., 202., 198., 203., 187., 208., 209., 182., 196., 210., 214., 216., 217.])
Frame 219.0: tensor([170., 184., 185., 192., 193., 197., 199., 200., 202., 198., 203., 208., 209., 182., 196., 210., 214., 216., 217.])
Frame 220.0: tensor([170., 184., 185., 192., 193., 197., 199., 200., 202., 198., 203., 208., 209., 182., 196., 210., 216., 217., 213.])
Frame 221.0: tensor([170., 184., 185., 193., 197., 199., 200., 202., 198., 203., 208., 209., 182., 196., 210., 216., 217., 214.])
Frame 222.0: tensor([170., 184., 185., 193., 197., 199., 200., 202., 198., 203., 208., 209., 182., 196., 210., 216., 217., 213.])
Frame 223.0: tensor([170., 184., 185., 193., 197., 199., 200., 202., 198., 203., 208., 209., 182., 196., 210., 216., 217., 213.])
Frame 224.0: tensor([170., 184., 185., 193., 197., 199., 200., 202., 198., 203., 208., 209., 182., 196., 210., 216., 217., 213.])
Frame 225.0: tensor([170., 184., 185., 193., 197., 199., 200., 202., 198., 203., 208., 209., 182., 196., 210., 216., 217., 213.])
Frame 226.0: tensor([170., 184., 185., 193., 197., 199., 200., 202., 198., 203., 208., 209., 182., 196., 210., 216., 217., 213.])
Frame 227.0: tensor([170., 184., 185., 193., 197., 199., 200., 202., 198., 203., 208., 209., 182., 196., 210., 216., 217., 213.])
Frame 228.0: tensor([170., 184., 185., 193., 197., 199., 200., 202., 198., 203., 208., 209., 182., 196., 210., 216., 217., 213.])
Frame 229.0: tensor([170., 184., 185., 193., 197., 199., 200., 202., 198., 203., 208., 209., 182., 196., 210., 216., 217., 213., 218.])
Frame 230.0: tensor([170., 184., 185., 193., 197., 199., 200., 202., 198., 203., 208., 209., 182., 196., 210., 216., 217., 213., 218.])
Frame 231.0: tensor([170., 184., 185., 193., 197., 199., 200., 202., 198., 203., 208., 209., 182., 196., 210., 216., 217., 213., 218.])
Frame 232.0: tensor([170., 184., 185., 193., 197., 199., 200., 198., 203., 208., 209., 182., 196., 210., 216., 217., 213., 218.])
Frame 233.0: tensor([170., 184., 185., 193., 197., 199., 200., 198., 203., 208., 209., 182., 196., 210., 216., 217., 213., 219.])
Frame 234.0: tensor([170., 184., 185., 193., 197., 199., 200., 198., 203., 208., 209., 182., 196., 210., 216., 217., 213., 219.])
Frame 235.0: tensor([170., 184., 185., 193., 197., 199., 200., 198., 203., 208., 209., 182., 196., 210., 216., 217., 213., 219.])
Frame 236.0: tensor([170., 184., 185., 193., 197., 199., 200., 198., 203., 208., 209., 182., 196., 210., 216., 217., 213., 219.])
Frame 237.0: tensor([170., 184., 193., 197., 199., 200., 198., 203., 208., 209., 182., 196., 210., 216., 217., 213., 219.])
Frame 238.0: tensor([170., 184., 193., 197., 199., 200., 198., 203., 208., 209., 182., 196., 210., 216., 217., 213., 219., 218.])
Frame 239.0: tensor([170., 184., 193., 197., 199., 200., 198., 203., 208., 209., 182., 196., 210., 216., 217., 213., 219., 218.])
Frame 240.0: tensor([170., 184., 193., 197., 199., 200., 198., 203., 208., 209., 182., 196., 210., 216., 217., 213., 219., 218., 202.])
Frame 241.0: tensor([170., 184., 193., 197., 199., 200., 198., 203., 208., 209., 182., 196., 210., 216., 217., 213., 219., 218.])
Frame 242.0: tensor([170., 184., 193., 197., 199., 200., 198., 203., 208., 209., 182., 196., 210., 216., 217., 213., 219., 218.])
Frame 243.0: tensor([170., 184., 193., 197., 199., 200., 198., 203., 208., 209., 182., 196., 210., 216., 217., 213., 219., 218.])
Frame 244.0: tensor([170., 184., 193., 197., 199., 200., 198., 203., 208., 209., 182., 196., 210., 216., 217., 213., 219., 218.])
Frame 245.0: tensor([170., 184., 193., 197., 199., 200., 198., 203., 208., 209., 182., 196., 210., 216., 217., 213., 219., 218., 202.])
Frame 246.0: tensor([170., 184., 193., 197., 199., 200., 198., 203., 208., 209., 182., 196., 210., 216., 217., 213., 219., 218., 202.])
Frame 247.0: tensor([170., 184., 193., 197., 199., 200., 198., 203., 208., 209., 182., 196., 210., 216., 217., 213., 219., 218., 202.])
Frame 248.0: tensor([170., 184., 193., 197., 199., 200., 198., 203., 208., 209., 182., 196., 210., 217., 213., 219., 218.])
Frame 249.0: tensor([170., 184., 193., 197., 199., 200., 198., 203., 208., 209., 182., 196., 210., 217., 213., 219., 218., 202.])
Frame 250.0: tensor([170., 184., 193., 197., 199., 200., 198., 203., 208., 209., 182., 196., 210., 217., 213., 219., 218., 202.])
