Frame 3.0: tensor([0, 1, 2, 3, 4, 5, 6, 7, 8, 9, 10, 11, 12, 13, 14])
Frame 4.0: tensor([0, 1, 2, 3, 4, 5, 6, 7, 8, 9, 10, 11, 12, 13, 14, 15, 16])
Frame 5.0: tensor([0, 1, 2, 3, 4, 5, 6, 7, 8, 9, 10, 11, 12, 13, 14, 15, 16])
Frame 6.0: tensor([0, 1, 2, 3, 4, 5, 6, 7, 8, 9, 10, 11, 12, 13, 14, 15, 16])
Frame 7.0: tensor([0, 1, 2, 3, 4, 5, 6, 7, 8, 9, 10, 11, 12, 13, 14, 15, 16])
Frame 8.0: tensor([0, 1, 2, 3, 4, 5, 6, 7, 8, 9, 10, 11, 12, 13, 14, 15, 16])
Frame 9.0: tensor([0, 1, 2, 3, 4, 5, 6, 7, 8, 9, 10, 11, 12, 13, 14, 15, 16])
Frame 10.0: tensor([0, 1, 2, 3, 4, 5, 6, 7, 8, 9, 10, 11, 12, 13, 14, 15, 16])
Frame 11.0: tensor([0, 1, 2, 3, 4, 5, 6, 7, 8, 9, 10, 11, 12, 13, 14, 15, 16])
Frame 12.0: tensor([0, 1, 2, 3, 4, 5, 6, 7, 8, 9, 10, 11, 12, 13, 14, 15, 16, 17])
Frame 13.0: tensor([0, 1, 2, 3, 4, 5, 6, 7, 8, 9, 10, 11, 12, 13, 14, 15, 16, 17])
Frame 14.0: tensor([0, 1, 2, 3, 4, 5, 6, 7, 8, 9, 11, 12, 13, 14, 15, 16, 17])
Frame 15.0: tensor([0, 1, 2, 3, 4, 5, 6, 7, 8, 9, 11, 12, 13, 14, 15, 16, 17, 18])
Frame 16.0: tensor([0, 1, 2, 3, 4, 5, 6, 7, 8, 9, 11, 12, 13, 14, 16, 17, 18])
Frame 17.0: tensor([0, 1, 2, 3, 4, 5, 6, 7, 8, 9, 11, 12, 14, 16, 17, 18])
Frame 18.0: tensor([0, 1, 2, 3, 4, 5, 6, 7, 8, 9, 11, 12, 14, 16, 17, 18])
Frame 19.0: tensor([0, 1, 2, 3, 4, 5, 6, 7, 8, 9, 11, 12, 14, 16, 17, 18])
Frame 20.0: tensor([0, 1, 2, 3, 4, 5, 6, 7, 8, 9, 11, 14, 16, 17, 18])
Frame 21.0: tensor([0, 1, 2, 3, 4, 5, 6, 7, 8, 9, 11, 14, 16, 17, 18])
Frame 22.0: tensor([0, 1, 2, 3, 4, 5, 6, 7, 8, 9, 11, 14, 16, 17, 18])
Frame 23.0: tensor([0, 1, 2, 3, 4, 5, 6, 7, 8, 9, 11, 14, 16, 17, 18])
Frame 24.0: tensor([0, 1, 2, 3, 4, 5, 6, 7, 8, 9, 11, 14, 16, 17, 18])
Frame 25.0: tensor([0, 1, 2, 3, 4, 5, 6, 7, 8, 9, 11, 14, 16, 17, 18])
Frame 26.0: tensor([0, 1, 2, 3, 4, 5, 6, 7, 8, 9, 11, 14, 16, 17, 18])
Frame 27.0: tensor([0, 1, 2, 3, 4, 5, 6, 7, 8, 9, 11, 14, 18])
Frame 28.0: tensor([0, 1, 2, 3, 4, 5, 6, 7, 8, 9, 11, 14, 18, 19, 20])
Frame 29.0: tensor([0, 1, 2, 3, 4, 5, 6, 7, 8, 11, 14, 18, 19, 20])
Frame 30.0: tensor([0, 1, 2, 3, 4, 5, 6, 7, 8, 11, 14, 18, 19, 20, 21])
Frame 31.0: tensor([0, 1, 2, 3, 4, 5, 6, 7, 8, 11, 14, 18, 19, 20, 21])
Frame 32.0: tensor([0, 1, 2, 3, 4, 5, 6, 7, 8, 11, 14, 18, 19, 20, 21])
Frame 33.0: tensor([0, 1, 2, 3, 4, 5, 6, 7, 8, 11, 14, 18, 20, 21])
Frame 34.0: tensor([0, 1, 3, 4, 5, 6, 7, 8, 11, 14, 18, 20, 21, 22])
Frame 35.0: tensor([0, 1, 3, 4, 5, 6, 7, 8, 11, 14, 18, 20, 21, 22, 23])
Frame 36.0: tensor([0, 1, 3, 4, 5, 6, 7, 8, 11, 14, 18, 20, 21, 22, 23])
Frame 37.0: tensor([0, 1, 3, 4, 5, 6, 7, 8, 11, 14, 18, 20, 21, 22, 23])
Frame 38.0: tensor([1, 3, 4, 5, 6, 7, 8, 11, 14, 18, 20, 21, 22, 23])
Frame 39.0: tensor([1, 3, 4, 5, 6, 7, 8, 11, 14, 18, 20, 21, 22, 23])
Frame 40.0: tensor([1, 3, 4, 5, 6, 7, 8, 11, 14, 18, 20, 21, 22, 23])
Frame 41.0: tensor([1, 3, 4, 5, 6, 7, 8, 11, 14, 18, 20, 21, 22, 23])
Frame 42.0: tensor([1, 3, 4, 5, 6, 7, 8, 11, 14, 18, 20, 21, 22, 23])
Frame 43.0: tensor([1, 3, 4, 5, 6, 7, 8, 11, 14, 18, 20, 21, 22, 23])
Frame 44.0: tensor([1, 3, 4, 5, 6, 7, 8, 11, 14, 18, 20, 21, 22, 23])
Frame 45.0: tensor([1, 3, 4, 5, 6, 7, 8, 11, 14, 18, 20, 21, 22, 23])
Frame 46.0: tensor([1, 3, 4, 5, 6, 7, 8, 11, 14, 18, 20, 21, 22, 23])
Frame 47.0: tensor([3, 4, 5, 6, 7, 8, 11, 14, 18, 20, 21, 22, 23, 24, 25])
Frame 48.0: tensor([3, 4, 5, 6, 7, 8, 11, 14, 18, 20, 21, 22, 23, 24, 25, 26, 27])
Frame 49.0: tensor([3, 4, 5, 6, 7, 8, 11, 14, 18, 20, 21, 22, 23, 24, 25, 26, 27])
Frame 50.0: tensor([3, 5, 6, 7, 8, 14, 18, 20, 21, 22, 23, 25, 26, 27])
Frame 51.0: tensor([3, 5, 6, 8, 14, 18, 20, 21, 22, 23, 25, 26, 27, 28])
Frame 52.0: tensor([3, 5, 6, 8, 14, 18, 20, 21, 22, 23, 25, 26, 27, 28])
Frame 53.0: tensor([3, 5, 6, 8, 18, 20, 21, 22, 23, 25, 26, 27, 28])
Frame 54.0: tensor([3, 5, 6, 8, 18, 20, 21, 22, 23, 25, 26, 27, 28])
Frame 55.0: tensor([3, 5, 6, 8, 20, 21, 23, 25, 26, 27, 28])
Frame 56.0: tensor([3, 5, 6, 8, 20, 21, 23, 25, 26, 27, 28])
Frame 57.0: tensor([3, 5, 6, 8, 20, 21, 23, 25, 26, 27, 28])
Frame 58.0: tensor([5, 6, 8, 20, 21, 23, 25, 26, 27, 28])
Frame 59.0: tensor([5, 6, 8, 20, 21, 23, 25, 26, 27, 28])
Frame 60.0: tensor([5, 6, 20, 21, 23, 25, 26, 27, 28])
Frame 61.0: tensor([5, 6, 20, 21, 23, 25, 26, 27, 28])
Frame 62.0: tensor([5, 6, 20, 21, 23, 25, 26, 27, 28])
Frame 63.0: tensor([5, 6, 20, 21, 23, 25, 26, 27, 28])
Frame 64.0: tensor([5, 20, 21, 23, 25, 26, 27, 28])
Frame 65.0: tensor([20, 23, 25, 26, 27, 28])
Frame 66.0: tensor([20, 23, 25, 26, 27, 28])
Frame 67.0: tensor([20, 23, 25, 26, 27, 28])
Frame 68.0: tensor([20, 23, 25, 26, 27, 28])
Frame 69.0: tensor([20, 23, 25, 26, 27, 28])
Frame 70.0: tensor([20, 23, 25, 26, 27, 28])
Frame 71.0: tensor([20, 23, 25, 26, 27, 28])
Frame 72.0: tensor([20, 23, 25, 26, 27, 28])
Frame 73.0: tensor([20, 23, 25, 26, 27, 28])
Frame 74.0: tensor([20, 23, 25, 26, 27, 28])
Frame 75.0: tensor([20, 23, 25, 26, 27, 28])
Frame 76.0: tensor([20, 23, 25, 26, 27, 28])
Frame 77.0: tensor([20, 23, 25, 26, 27, 28])
Frame 78.0: tensor([20, 23, 25, 26, 27, 28])
Frame 79.0: tensor([20, 23, 25, 26, 27, 28])
Frame 80.0: tensor([20, 23, 25, 26, 27, 28])
Frame 81.0: tensor([20, 23, 25, 26, 27, 28])
Frame 82.0: tensor([20, 23, 25, 26, 27, 28])
Frame 83.0: tensor([20, 23, 25, 26, 27, 28])
Frame 84.0: tensor([23, 25, 26, 27, 28])
Frame 85.0: tensor([23, 25, 26, 27, 28])
Frame 86.0: tensor([23, 25, 26, 27, 28])
Frame 87.0: tensor([23, 25, 26, 27, 28])
Frame 88.0: tensor([23, 25, 26, 27, 28])
Frame 89.0: tensor([25, 26, 27, 28])
Frame 90.0: tensor([25, 26, 27, 28])
Frame 91.0: tensor([25, 26, 27])
Frame 92.0: tensor([25, 26, 27])
Frame 93.0: tensor([25, 26, 27])
Frame 94.0: tensor([25, 26, 27])
Frame 95.0: tensor([25, 26, 27])
Frame 96.0: tensor([25, 26, 27])
Frame 97.0: tensor([25, 26, 27])
Frame 98.0: tensor([25, 26, 27])
Frame 99.0: tensor([25, 27])
Frame 100.0: tensor([25])
Frame 101.0: tensor([25])
Frame 122.0: tensor([29])
Frame 123.0: tensor([29])
Frame 124.0: tensor([29])
Frame 130.0: tensor([30])
Frame 131.0: tensor([30, 31])
Frame 132.0: tensor([30, 31])
Frame 133.0: tensor([31])
Frame 202.0: tensor([32])
Frame 203.0: tensor([32, 33, 34])
Frame 204.0: tensor([32, 33, 34])
Frame 205.0: tensor([33, 34])
Frame 206.0: tensor([33, 34, 35, 36, 37])
Frame 207.0: tensor([33, 34, 35, 36, 37])
Frame 208.0: tensor([33, 34, 35, 36, 37])
Frame 209.0: tensor([33, 34, 35, 36, 37])
Frame 210.0: tensor([33, 34, 36, 37, 38])
Frame 211.0: tensor([33, 34, 36, 37, 38, 39])
Frame 212.0: tensor([33, 34, 36, 37, 38, 39, 40])
Frame 213.0: tensor([33, 34, 36, 37, 38, 39, 40])
Frame 214.0: tensor([33, 34, 36, 37, 38, 39, 40])
Frame 215.0: tensor([33, 34, 36, 37, 38, 39])
Frame 216.0: tensor([33, 34, 36, 37, 38, 39])
Frame 217.0: tensor([33, 34, 36, 37, 38, 39, 41, 42])
Frame 218.0: tensor([33, 34, 36, 37, 38, 39, 41, 42, 43, 44])
Frame 219.0: tensor([33, 34, 36, 37, 38, 39, 41, 42, 43, 44])
Frame 220.0: tensor([33, 34, 36, 37, 38, 39, 41, 42, 43, 44, 45])
Frame 221.0: tensor([33, 34, 36, 37, 38, 39, 41, 42, 43, 44, 45, 46])
Frame 222.0: tensor([33, 34, 36, 37, 38, 39, 41, 42, 43, 44, 45, 46, 47, 48, 49])
Frame 223.0: tensor([33, 34, 36, 37, 38, 39, 41, 42, 43, 44, 45, 46, 47, 48, 49, 50, 51])
Frame 224.0: tensor([33, 34, 36, 37, 38, 39, 41, 42, 43, 44, 45, 46, 47, 48, 49, 50, 51, 52])
Frame 225.0: tensor([33, 34, 36, 37, 38, 39, 41, 42, 43, 44, 45, 46, 47, 48, 49, 50, 51, 52])
Frame 226.0: tensor([33, 34, 36, 37, 38, 39, 41, 42, 43, 44, 45, 46, 47, 48, 49, 50, 51, 52])
Frame 227.0: tensor([33, 34, 36, 37, 38, 39, 41, 42, 43, 44, 45, 46, 47, 48, 49, 50, 51, 52])
Frame 228.0: tensor([33, 34, 36, 37, 38, 39, 41, 42, 43, 44, 45, 46, 47, 48, 49, 50, 51, 52])
Frame 229.0: tensor([33, 34, 36, 37, 38, 39, 41, 42, 43, 44, 45, 46, 47, 48, 49, 50, 51, 52])
Frame 230.0: tensor([33, 34, 36, 37, 38, 39, 41, 42, 43, 44, 45, 46, 47, 48, 49, 50, 51, 52])
Frame 231.0: tensor([33, 34, 36, 37, 38, 39, 41, 42, 43, 44, 45, 46, 47, 48, 49, 50, 51, 52])
Frame 232.0: tensor([33, 34, 36, 37, 38, 39, 41, 42, 43, 44, 45, 46, 47, 48, 49, 50, 51, 52, 53, 54])
Frame 233.0: tensor([33, 34, 36, 37, 38, 39, 41, 43, 44, 45, 46, 47, 48, 49, 50, 51, 52, 53, 54])
Frame 234.0: tensor([33, 34, 36, 37, 38, 39, 41, 43, 44, 45, 46, 47, 48, 49, 50, 51, 52, 53, 54])
Frame 235.0: tensor([33, 34, 36, 37, 38, 39, 41, 43, 44, 45, 46, 47, 48, 49, 50, 51, 52, 53, 54])
Frame 236.0: tensor([33, 34, 36, 37, 38, 39, 41, 43, 44, 45, 46, 47, 48, 49, 50, 51, 52, 53])
Frame 237.0: tensor([33, 34, 36, 37, 38, 39, 41, 43, 44, 45, 46, 47, 48, 49, 50, 51, 52, 53])
Frame 238.0: tensor([33, 34, 36, 37, 38, 39, 41, 43, 44, 45, 46, 47, 48, 49, 50, 51, 52, 53, 55])
Frame 239.0: tensor([33, 34, 36, 37, 38, 39, 41, 43, 44, 45, 46, 47, 48, 49, 50, 51, 52, 53, 55])
Frame 240.0: tensor([33, 34, 36, 37, 38, 39, 41, 43, 44, 45, 46, 47, 48, 49, 50, 51, 52, 53, 55])
Frame 241.0: tensor([33, 34, 36, 37, 39, 41, 43, 44, 45, 46, 47, 48, 49, 50, 51, 52, 53, 55])
Frame 242.0: tensor([33, 34, 36, 37, 39, 41, 43, 44, 45, 46, 47, 48, 49, 50, 51, 52, 53, 55, 56])
Frame 243.0: tensor([33, 34, 36, 37, 39, 41, 43, 44, 45, 46, 47, 48, 49, 50, 51, 52, 53, 55, 56])
Frame 244.0: tensor([33, 34, 36, 37, 39, 41, 43, 44, 45, 46, 47, 48, 49, 50, 51, 52, 53, 55, 56])
Frame 245.0: tensor([33, 34, 36, 37, 39, 41, 43, 44, 45, 46, 47, 48, 49, 50, 51, 52, 53, 55, 56])
Frame 246.0: tensor([33, 34, 36, 37, 39, 41, 43, 44, 45, 46, 47, 48, 49, 50, 51, 52, 53, 55, 56, 57])
Frame 247.0: tensor([33, 34, 36, 37, 39, 41, 43, 44, 45, 46, 47, 48, 49, 50, 51, 52, 53, 55, 56, 57])
Frame 248.0: tensor([33, 34, 36, 37, 39, 41, 43, 44, 45, 46, 47, 48, 49, 50, 51, 52, 53, 55, 56, 57])
Frame 249.0: tensor([33, 34, 36, 37, 39, 41, 43, 44, 45, 46, 47, 48, 49, 50, 51, 52, 53, 55, 56, 57])
Frame 250.0: tensor([33, 34, 36, 37, 39, 41, 43, 44, 45, 46, 47, 48, 49, 50, 51, 52, 53, 55, 56, 57])
