Frame 1.0: tensor([ 1.,  2.,  3.,  4.,  5.,  6.,  7.,  8.,  9., 10., 11., 12., 13., 14., 15., 16., 17.])
Frame 2.0: tensor([ 1.,  2.,  3.,  4.,  5.,  6.,  7.,  8.,  9., 10., 11., 12., 13., 14., 15., 16., 17.])
Frame 3.0: tensor([ 1.,  2.,  3.,  4.,  5.,  6.,  7.,  8.,  9., 10., 11., 12., 13., 14., 15., 16., 17.])
Frame 4.0: tensor([ 1.,  2.,  3.,  4.,  5.,  6.,  7.,  8.,  9., 10., 11., 12., 13., 14., 15., 16., 17.])
Frame 5.0: tensor([ 1.,  2.,  3.,  4.,  5.,  6.,  7.,  8.,  9., 10., 11., 12., 13., 14., 15., 16., 17.])
Frame 6.0: tensor([ 1.,  2.,  3.,  4.,  5.,  6.,  7.,  8.,  9., 10., 11., 12., 13., 14., 15., 16., 17.])
Frame 7.0: tensor([ 1.,  2.,  3.,  4.,  5.,  6.,  7.,  8.,  9., 10., 11., 12., 13., 14., 15., 16., 17.])
Frame 8.0: tensor([ 1.,  2.,  3.,  4.,  5.,  6.,  7.,  8.,  9., 10., 11., 12., 13., 14., 15., 16., 17.])
Frame 9.0: tensor([ 1.,  2.,  3.,  4.,  5.,  6.,  7.,  8.,  9., 10., 11., 12., 13., 14., 15., 16., 17.])
Frame 10.0: tensor([ 1.,  2.,  3.,  4.,  5.,  6.,  7.,  8.,  9., 10., 11., 12., 13., 14., 15., 16., 17.])
Frame 11.0: tensor([ 1.,  2.,  3.,  4.,  5.,  6.,  7.,  8.,  9., 10., 11., 12., 13., 14., 15., 16., 17.])
Frame 12.0: tensor([ 1.,  2.,  3.,  4.,  5.,  6.,  7.,  8.,  9., 10., 11., 12., 13., 14., 15., 16., 17.])
Frame 13.0: tensor([ 1.,  2.,  3.,  4.,  5.,  6.,  7.,  8.,  9., 10., 11., 12., 13., 14., 15., 16., 17.])
Frame 14.0: tensor([ 1.,  2.,  3.,  4.,  5.,  6.,  7.,  8.,  9., 10., 11., 12., 13., 14., 15., 16., 17.])
Frame 15.0: tensor([ 1.,  2.,  3.,  4.,  5.,  6.,  7.,  8.,  9., 10., 11., 12., 13., 14., 15., 16., 17.])
Frame 16.0: tensor([ 1.,  2.,  3.,  4.,  5.,  6.,  7.,  8.,  9., 10., 11., 12., 13., 14., 15., 16., 17.])
Frame 17.0: tensor([ 1.,  2.,  3.,  4.,  5.,  6.,  7.,  8.,  9., 10., 11., 12., 13., 14., 15., 16., 17.])
Frame 18.0: tensor([ 1.,  2.,  3.,  4.,  5.,  6.,  7.,  8.,  9., 10., 11., 12., 13., 14., 15., 16., 17.])
Frame 19.0: tensor([ 1.,  2.,  3.,  4.,  5.,  6.,  7.,  8.,  9., 10., 11., 12., 13., 14., 15., 16., 17.])
Frame 20.0: tensor([ 1.,  2.,  3.,  4.,  5.,  6.,  7.,  8.,  9., 10., 11., 12., 13., 15., 16.])
Frame 21.0: tensor([ 1.,  2.,  3.,  4.,  5.,  6.,  7.,  8.,  9., 10., 11., 12., 13., 15., 16.])
Frame 22.0: tensor([ 1.,  2.,  3.,  4.,  5.,  6.,  7.,  8.,  9., 10., 11., 12., 13., 15., 16.])
Frame 23.0: tensor([ 1.,  2.,  3.,  4.,  5.,  6.,  7.,  8.,  9., 10., 11., 12., 13., 15., 16., 18.])
Frame 24.0: tensor([ 1.,  2.,  3.,  4.,  5.,  6.,  7.,  8.,  9., 10., 11., 12., 13., 15., 18.])
Frame 25.0: tensor([ 1.,  2.,  3.,  4.,  5.,  6.,  7.,  8.,  9., 10., 11., 12., 13., 15., 18.])
Frame 26.0: tensor([ 1.,  2.,  3.,  4.,  5.,  6.,  7.,  8.,  9., 10., 11., 12., 13., 15., 18.])
Frame 27.0: tensor([ 1.,  2.,  3.,  4.,  5.,  6.,  7.,  8.,  9., 11., 12., 13., 15., 18.])
Frame 28.0: tensor([ 1.,  2.,  3.,  4.,  5.,  6.,  7.,  8.,  9., 11., 12., 13., 15., 18., 19.])
Frame 29.0: tensor([ 1.,  2.,  3.,  4.,  5.,  6.,  7.,  8.,  9., 11., 12., 13., 15., 18., 19., 20.])
Frame 30.0: tensor([ 1.,  2.,  3.,  4.,  5.,  6.,  7.,  8.,  9., 11., 12., 13., 15., 18., 19., 20.])
Frame 31.0: tensor([ 1.,  2.,  3.,  4.,  5.,  6.,  7.,  8.,  9., 11., 12., 13., 15., 18., 19., 20., 10.])
Frame 32.0: tensor([ 1.,  2.,  3.,  5.,  6.,  7.,  8.,  9., 11., 12., 13., 15., 18., 19., 20., 10.])
Frame 33.0: tensor([ 1.,  2.,  3.,  5.,  6.,  7.,  8.,  9., 11., 12., 13., 15., 18., 19., 20., 10., 21.])
Frame 34.0: tensor([ 1.,  2.,  3.,  5.,  6.,  7.,  8.,  9., 11., 12., 13., 15., 18., 19., 20., 10., 21.])
Frame 35.0: tensor([ 1.,  2.,  3.,  5.,  6.,  7.,  8.,  9., 11., 12., 13., 15., 18., 19., 20., 10., 21., 22.])
Frame 36.0: tensor([ 1.,  2.,  5.,  6.,  7.,  8.,  9., 12., 13., 15., 18., 19., 20., 10., 21., 22.])
Frame 37.0: tensor([ 1.,  2.,  5.,  6.,  7.,  8.,  9., 12., 13., 15., 18., 19., 20., 10., 21., 22.])
Frame 38.0: tensor([ 1.,  2.,  5.,  6.,  7.,  8.,  9., 12., 13., 15., 18., 19., 20., 21., 22.])
Frame 39.0: tensor([ 1.,  2.,  5.,  6.,  7.,  8.,  9., 12., 13., 15., 18., 19., 20., 21., 22.])
Frame 40.0: tensor([ 1.,  2.,  5.,  6.,  7.,  8.,  9., 12., 13., 15., 18., 19., 20., 21., 22.])
Frame 41.0: tensor([ 1.,  2.,  5.,  6.,  7.,  8.,  9., 12., 13., 15., 18., 19., 20., 21., 22., 10.])
Frame 42.0: tensor([ 1.,  2.,  5.,  6.,  7.,  8.,  9., 12., 13., 15., 18., 19., 20., 21., 22., 10.])
Frame 43.0: tensor([ 1.,  2.,  5.,  6.,  7.,  8.,  9., 12., 13., 15., 18., 19., 20., 21., 22., 10., 24.])
Frame 44.0: tensor([ 1.,  2.,  5.,  6.,  7.,  8.,  9., 12., 13., 15., 19., 20., 21., 22., 10., 24., 25., 26.])
Frame 45.0: tensor([ 2.,  5.,  6.,  7.,  8.,  9., 12., 13., 15., 19., 20., 21., 22., 24., 25., 26.])
Frame 46.0: tensor([ 2.,  5.,  6.,  7.,  8.,  9., 12., 13., 15., 19., 20., 21., 22., 24., 25., 26., 27., 28.])
Frame 47.0: tensor([ 2.,  5.,  6.,  7.,  8.,  9., 12., 13., 15., 19., 20., 21., 22., 24., 25., 26., 27., 28.])
Frame 48.0: tensor([ 5.,  6.,  7.,  8.,  9., 12., 13., 15., 19., 20., 21., 22., 24., 25., 26., 27., 28., 29., 30.])
Frame 49.0: tensor([ 5.,  6.,  7.,  8.,  9., 12., 13., 19., 20., 21., 22., 24., 25., 26., 27., 28., 29., 31.])
Frame 50.0: tensor([ 5.,  6.,  7.,  8.,  9., 12., 13., 19., 20., 21., 22., 24., 25., 26., 27., 28., 29., 31., 32., 33., 34., 35.])
Frame 51.0: tensor([ 5.,  7.,  8.,  9., 12., 13., 19., 20., 21., 22., 24., 25., 26., 27., 28., 29., 31., 32., 33., 34., 35.])
Frame 52.0: tensor([ 5.,  7.,  8.,  9., 12., 19., 20., 21., 22., 24., 25., 26., 27., 28., 29., 31., 32., 33., 34.])
Frame 53.0: tensor([ 5.,  7.,  8., 12., 19., 20., 21., 22., 24., 25., 26., 27., 28., 29., 31., 32., 33., 34., 36., 37., 18.])
Frame 54.0: tensor([ 5.,  7.,  8., 12., 19., 20., 22., 24., 25., 26., 27., 28., 29., 31., 32., 33., 34., 36., 37., 18., 35.])
Frame 55.0: tensor([ 5.,  7.,  8., 12., 19., 20., 22., 24., 25., 26., 27., 28., 29., 31., 32., 33., 34., 36., 37., 18., 38., 39., 35.])
Frame 56.0: tensor([ 5.,  7.,  8., 12., 19., 20., 22., 24., 25., 26., 27., 28., 29., 31., 32., 33., 34., 36., 37., 18., 38., 39., 35., 40., 41.])
Frame 57.0: tensor([ 5.,  7.,  8., 12., 19., 20., 22., 24., 25., 26., 27., 28., 29., 31., 32., 33., 34., 36., 37., 18., 38., 39., 35., 40., 41., 42., 43., 44.])
Frame 58.0: tensor([ 5.,  7.,  8., 12., 19., 20., 22., 24., 25., 26., 27., 28., 29., 31., 32., 33., 34., 36., 37., 18., 38., 39., 35., 40., 41., 42., 43., 44., 45.])
Frame 59.0: tensor([ 5.,  7.,  8., 12., 19., 20., 22., 24., 25., 26., 27., 28., 29., 31., 32., 33., 34., 36., 37., 18., 38., 39., 35., 40., 41., 42., 43., 44., 45., 46.])
Frame 60.0: tensor([ 5.,  7.,  8., 12., 19., 20., 22., 24., 25., 26., 27., 28., 29., 31., 32., 33., 34., 36., 37., 38., 39., 35., 40., 41., 42., 43., 44., 45., 46.])
Frame 61.0: tensor([ 5.,  7., 12., 19., 20., 22., 24., 25., 26., 27., 28., 29., 31., 32., 33., 34., 36., 37., 38., 39., 35., 40., 41., 42., 43., 44., 45., 46.])
Frame 62.0: tensor([ 5., 19., 20., 22., 24., 25., 26., 27., 28., 29., 31., 32., 33., 34., 36., 37., 38., 39., 35., 40., 41., 42., 43., 44., 45., 46.])
Frame 63.0: tensor([19., 20., 22., 24., 25., 26., 27., 28., 29., 31., 32., 33., 34., 36., 37., 38., 39., 35., 40., 41., 42., 43., 44., 45., 46., 47.])
Frame 64.0: tensor([19., 22., 24., 25., 26., 27., 28., 31., 32., 33., 34., 36., 37., 38., 39., 35., 40., 41., 42., 43., 44., 45., 46., 47.])
Frame 65.0: tensor([19., 22., 24., 25., 26., 27., 28., 31., 32., 33., 34., 36., 37., 38., 39., 35., 40., 41., 42., 43., 44., 45., 46., 47.])
Frame 66.0: tensor([19., 22., 24., 25., 26., 27., 28., 31., 32., 33., 34., 36., 37., 38., 39., 35., 40., 41., 42., 43., 44., 45., 46., 47.])
Frame 67.0: tensor([19., 22., 24., 25., 26., 27., 28., 31., 32., 33., 34., 36., 37., 38., 39., 35., 40., 41., 42., 43., 44., 45., 46., 47.])
Frame 68.0: tensor([19., 22., 24., 25., 26., 27., 28., 31., 32., 33., 34., 36., 37., 38., 39., 40., 41., 42., 43., 44., 45., 46., 47., 48.])
Frame 69.0: tensor([19., 22., 24., 25., 26., 27., 28., 31., 32., 33., 34., 36., 37., 38., 40., 41., 42., 43., 44., 45., 46., 47., 48., 49.])
Frame 70.0: tensor([19., 22., 24., 25., 26., 27., 28., 31., 32., 33., 36., 37., 38., 40., 41., 42., 43., 45., 46., 48., 49., 50.])
Frame 71.0: tensor([19., 22., 24., 25., 26., 27., 28., 31., 32., 33., 36., 38., 40., 41., 43., 45., 46., 48., 49., 50.])
Frame 72.0: tensor([19., 22., 24., 25., 26., 27., 28., 31., 32., 33., 36., 38., 40., 41., 43., 45., 46., 48., 49., 50., 51., 34., 47.])
Frame 73.0: tensor([19., 22., 24., 25., 26., 27., 28., 31., 32., 33., 36., 38., 40., 41., 43., 45., 46., 48., 49., 50., 51., 34., 47.])
Frame 74.0: tensor([19., 22., 24., 25., 26., 27., 28., 31., 32., 33., 36., 38., 40., 41., 43., 45., 46., 48., 49., 50., 51., 34., 47., 52.])
Frame 75.0: tensor([19., 22., 24., 25., 26., 27., 28., 31., 32., 33., 36., 38., 40., 41., 43., 45., 46., 48., 49., 50., 51., 34., 47., 52., 39., 42.])
Frame 76.0: tensor([19., 22., 24., 25., 26., 27., 28., 31., 32., 33., 36., 38., 40., 41., 43., 45., 46., 48., 49., 50., 51., 34., 47., 52., 39., 42.])
Frame 77.0: tensor([19., 22., 24., 25., 26., 27., 28., 31., 32., 36., 38., 40., 41., 43., 45., 46., 48., 49., 50., 51., 34., 47., 52., 39., 42., 53.])
Frame 78.0: tensor([19., 22., 24., 25., 26., 27., 28., 31., 32., 36., 38., 40., 41., 43., 45., 46., 48., 49., 50., 51., 34., 47., 52., 39., 42., 53.])
Frame 79.0: tensor([19., 22., 24., 25., 26., 27., 28., 31., 32., 36., 38., 40., 41., 43., 45., 46., 48., 49., 50., 51., 34., 47., 52., 39., 42., 53.])
Frame 80.0: tensor([19., 22., 24., 25., 26., 27., 28., 31., 32., 36., 38., 40., 41., 43., 45., 46., 48., 49., 50., 51., 34., 47., 52., 39., 42., 53.])
Frame 81.0: tensor([19., 22., 24., 25., 26., 27., 28., 31., 32., 36., 38., 40., 41., 43., 45., 46., 48., 49., 50., 51., 47., 52., 39., 42., 53.])
Frame 82.0: tensor([19., 22., 24., 25., 26., 27., 28., 31., 32., 36., 38., 40., 41., 43., 45., 46., 48., 49., 50., 51., 47., 52., 39., 42., 53.])
Frame 83.0: tensor([19., 22., 24., 25., 26., 27., 28., 31., 32., 36., 38., 40., 41., 43., 45., 46., 48., 49., 50., 51., 47., 52., 39., 42., 53.])
Frame 84.0: tensor([22., 24., 25., 26., 27., 28., 31., 32., 36., 38., 40., 41., 43., 45., 46., 48., 49., 50., 51., 47., 52., 39., 42., 53.])
Frame 85.0: tensor([22., 24., 25., 26., 27., 28., 31., 32., 36., 38., 40., 41., 43., 46., 48., 49., 50., 51., 47., 52., 39., 42., 53.])
Frame 86.0: tensor([22., 24., 25., 26., 27., 28., 31., 32., 36., 38., 40., 41., 43., 46., 48., 49., 50., 51., 47., 52., 39., 42., 53.])
Frame 87.0: tensor([22., 24., 25., 26., 27., 28., 32., 36., 38., 40., 41., 43., 48., 49., 50., 51., 47., 52., 39., 42., 53.])
Frame 88.0: tensor([22., 24., 25., 26., 27., 28., 32., 36., 38., 40., 41., 43., 48., 49., 50., 51., 47., 52., 39., 42., 53.])
Frame 89.0: tensor([22., 24., 25., 26., 27., 28., 32., 36., 38., 40., 41., 43., 48., 49., 50., 51., 47., 52., 39., 42., 53., 55., 56.])
Frame 90.0: tensor([22., 24., 25., 26., 27., 28., 32., 36., 38., 40., 41., 43., 48., 49., 50., 51., 47., 52., 42., 53., 55., 56.])
Frame 91.0: tensor([22., 24., 25., 26., 27., 28., 32., 36., 38., 40., 41., 43., 48., 49., 50., 51., 47., 52., 42., 53., 55., 56., 57.])
Frame 92.0: tensor([24., 25., 26., 27., 28., 32., 36., 38., 40., 41., 43., 48., 49., 50., 51., 47., 52., 42., 53., 55., 56.])
Frame 93.0: tensor([24., 25., 26., 27., 28., 32., 36., 38., 40., 41., 43., 48., 49., 50., 51., 47., 52., 42., 53., 55., 56.])
Frame 94.0: tensor([24., 25., 26., 27., 28., 32., 36., 38., 40., 41., 43., 48., 49., 50., 51., 47., 52., 42., 53., 55., 56., 59., 60., 61., 62., 63.])
Frame 95.0: tensor([24., 25., 26., 27., 28., 32., 36., 38., 40., 41., 43., 48., 49., 50., 51., 47., 52., 42., 53., 55., 56., 59., 60., 61., 62., 63.])
Frame 96.0: tensor([24., 25., 26., 27., 28., 32., 36., 38., 40., 41., 43., 48., 49., 50., 51., 47., 52., 42., 53., 55., 56., 59., 60., 61., 62., 63.])
Frame 97.0: tensor([25., 26., 27., 28., 32., 36., 38., 40., 41., 43., 48., 49., 50., 51., 47., 52., 42., 53., 55., 56., 59., 60., 61., 62., 63., 64., 65.])
Frame 98.0: tensor([26., 27., 32., 36., 38., 40., 41., 43., 48., 49., 50., 51., 47., 52., 42., 53., 55., 56., 59., 60., 61., 62., 63., 64., 65., 66.])
Frame 99.0: tensor([26., 32., 36., 38., 40., 41., 43., 48., 49., 50., 51., 47., 52., 42., 53., 55., 56., 59., 60., 61., 62., 63., 64., 65., 66., 69., 70.])
Frame 100.0: tensor([36., 38., 40., 41., 43., 48., 49., 50., 51., 47., 52., 42., 53., 55., 56., 59., 60., 61., 62., 63., 64., 65., 66., 69., 70., 71.])
Frame 101.0: tensor([36., 38., 40., 41., 43., 48., 49., 50., 51., 47., 52., 42., 53., 55., 56., 59., 60., 61., 62., 63., 64., 65., 66., 69., 70., 72., 73.])
Frame 102.0: tensor([36., 38., 40., 41., 43., 48., 49., 50., 51., 47., 52., 42., 53., 55., 56., 59., 60., 61., 62., 63., 64., 65., 66., 69., 70., 72., 73.])
Frame 103.0: tensor([38., 41., 43., 48., 49., 50., 51., 47., 52., 53., 55., 56., 59., 60., 61., 62., 63., 64., 65., 66., 69., 70., 72., 73.])
Frame 104.0: tensor([43., 48., 49., 50., 51., 47., 52., 53., 55., 56., 59., 60., 61., 62., 63., 64., 65., 66., 69., 70., 72., 73., 74., 75.])
Frame 105.0: tensor([49., 50., 51., 47., 52., 53., 55., 56., 59., 60., 61., 62., 63., 64., 66., 69., 70., 72., 73., 74., 75., 76.])
Frame 106.0: tensor([49., 50., 51., 47., 52., 53., 55., 56., 59., 60., 61., 62., 63., 64., 66., 69., 70., 72., 73., 74., 75., 76., 77.])
Frame 107.0: tensor([49., 50., 51., 47., 52., 53., 55., 56., 59., 60., 61., 62., 63., 64., 66., 69., 70., 72., 73., 74., 75., 76., 77., 78.])
Frame 108.0: tensor([49., 50., 51., 47., 52., 53., 55., 56., 59., 60., 61., 62., 63., 64., 66., 69., 70., 72., 73., 74., 75., 77., 78., 79., 80., 81., 82.])
Frame 109.0: tensor([49., 51., 47., 52., 53., 55., 56., 59., 60., 61., 62., 63., 64., 66., 69., 70., 72., 73., 74., 75., 77., 78., 79., 80., 81., 82., 83.])
Frame 110.0: tensor([49., 47., 52., 53., 55., 56., 59., 60., 61., 62., 63., 64., 66., 69., 70., 72., 73., 74., 75., 77., 78., 79., 80., 81., 82., 83.])
Frame 111.0: tensor([49., 47., 52., 53., 55., 56., 59., 60., 61., 62., 63., 64., 66., 69., 70., 72., 73., 74., 75., 77., 78., 79., 80., 82., 83., 85.])
Frame 112.0: tensor([53., 55., 56., 59., 60., 61., 62., 63., 64., 66., 69., 70., 72., 73., 74., 75., 77., 78., 79., 80., 82., 83., 85., 87.])
Frame 113.0: tensor([53., 55., 56., 59., 60., 61., 62., 63., 64., 66., 70., 72., 73., 74., 75., 77., 78., 79., 80., 82., 85., 87., 88., 89.])
Frame 114.0: tensor([53., 55., 56., 59., 60., 61., 62., 63., 64., 66., 70., 72., 74., 75., 77., 78., 79., 80., 82., 85., 87., 88., 89., 90.])
Frame 115.0: tensor([53., 55., 56., 59., 60., 61., 62., 63., 64., 66., 72., 74., 75., 77., 78., 79., 80., 82., 85., 87., 88., 89., 90., 91., 92.])
Frame 116.0: tensor([53., 55., 56., 59., 60., 61., 62., 63., 64., 66., 72., 74., 75., 77., 78., 79., 80., 82., 85., 87., 88., 89., 90., 91., 92.])
Frame 117.0: tensor([53., 55., 56., 59., 60., 61., 62., 63., 64., 66., 72., 74., 75., 77., 78., 79., 80., 82., 85., 87., 88., 89., 90., 91., 92.])
Frame 118.0: tensor([53., 55., 56., 59., 60., 61., 62., 63., 64., 66., 72., 74., 75., 77., 78., 79., 80., 82., 85., 87., 88., 89., 90., 91., 92., 93.])
Frame 119.0: tensor([53., 55., 59., 60., 61., 62., 63., 64., 66., 72., 74., 75., 77., 78., 79., 80., 82., 85., 87., 88., 89., 90., 91., 92., 93., 94.])
Frame 120.0: tensor([53., 55., 59., 60., 61., 62., 63., 64., 66., 72., 74., 75., 77., 78., 79., 80., 82., 85., 87., 88., 89., 90., 91., 92., 93., 94., 95.])
Frame 121.0: tensor([53., 55., 59., 60., 61., 62., 63., 64., 66., 72., 74., 75., 77., 78., 79., 80., 82., 85., 87., 88., 89., 90., 91., 92., 93., 94., 95., 96.])
Frame 122.0: tensor([53., 55., 59., 60., 61., 62., 63., 64., 66., 72., 74., 75., 77., 78., 79., 80., 82., 85., 87., 88., 89., 90., 91., 92., 93., 94., 95., 96.])
Frame 123.0: tensor([53., 55., 59., 60., 61., 62., 64., 66., 74., 75., 77., 78., 79., 80., 82., 85., 87., 88., 89., 90., 91., 92., 93., 94., 95., 96., 97.])
Frame 124.0: tensor([53., 55., 59., 60., 61., 62., 64., 66., 74., 75., 77., 78., 79., 80., 82., 85., 87., 88., 89., 90., 91., 92., 93., 94., 95., 96., 97.])
Frame 125.0: tensor([53., 55., 59., 60., 61., 62., 64., 66., 74., 75., 77., 78., 79., 80., 82., 85., 87., 88., 89., 90., 91., 92., 93., 94., 95., 96., 97.])
Frame 126.0: tensor([53., 55., 59., 60., 61., 62., 64., 66., 74., 75., 77., 78., 79., 80., 82., 85., 87., 88., 89., 90., 91., 92., 93., 94., 95., 96., 97.])
Frame 127.0: tensor([ 55.,  59.,  60.,  61.,  62.,  64.,  66.,  74.,  75.,  77.,  78.,  79.,  80.,  82.,  85.,  87.,  88.,  89.,  90.,  91.,  92.,  93.,  94.,  95.,  96.,  97.,  99., 100.])
Frame 128.0: tensor([ 55.,  59.,  60.,  61.,  62.,  64.,  66.,  74.,  75.,  77.,  78.,  79.,  80.,  82.,  85.,  87.,  88.,  89.,  90.,  91.,  92.,  93.,  94.,  95.,  96.,  97.,  99., 100.])
Frame 129.0: tensor([ 55.,  59.,  60.,  61.,  62.,  64.,  66.,  74.,  75.,  77.,  78.,  79.,  80.,  82.,  85.,  87.,  88.,  89.,  90.,  91.,  92.,  93.,  94.,  95.,  96.,  97.,  99., 100.])
Frame 130.0: tensor([ 55.,  59.,  60.,  61.,  62.,  64.,  66.,  74.,  75.,  77.,  78.,  79.,  80.,  82.,  85.,  87.,  89.,  90.,  91.,  92.,  93.,  94.,  95.,  96.,  97.,  99., 100., 101.])
Frame 131.0: tensor([ 55.,  59.,  60.,  61.,  62.,  64.,  66.,  74.,  75.,  77.,  78.,  79.,  80.,  82.,  85.,  87.,  89.,  90.,  91.,  92.,  93.,  94.,  95.,  96.,  97.,  99., 100., 101.])
Frame 132.0: tensor([ 55.,  59.,  60.,  61.,  62.,  64.,  66.,  74.,  75.,  77.,  78.,  79.,  80.,  82.,  85.,  87.,  89.,  90.,  91.,  92.,  93.,  94.,  95.,  96.,  97., 100., 101.])
Frame 133.0: tensor([ 55.,  59.,  60.,  61.,  62.,  64.,  66.,  74.,  75.,  77.,  78.,  80.,  82.,  85.,  87.,  89.,  90.,  91.,  93.,  94.,  95.,  96.,  97., 103.])
Frame 134.0: tensor([ 55.,  59.,  60.,  61.,  62.,  66.,  74.,  75.,  77.,  78.,  80.,  82.,  85.,  87.,  89.,  90.,  91.,  93.,  94.,  95.,  96.,  97., 103., 104., 105., 101.])
Frame 135.0: tensor([ 55.,  59.,  61.,  66.,  74.,  75.,  77.,  78.,  80.,  82.,  85.,  87.,  89.,  90.,  91.,  93.,  94.,  95.,  96.,  97., 103., 104., 105., 101.])
Frame 136.0: tensor([ 55.,  59.,  61.,  66.,  74.,  75.,  77.,  78.,  80.,  85.,  87.,  89.,  90.,  91.,  93.,  94.,  95.,  96.,  97., 103., 104., 105., 101., 106.])
Frame 137.0: tensor([ 59.,  61.,  66.,  74.,  75.,  77.,  78.,  80.,  85.,  87.,  89.,  90.,  91.,  93.,  94.,  95.,  96.,  97., 103., 104., 105., 101., 106.])
Frame 138.0: tensor([ 61.,  66.,  74.,  75.,  77.,  78.,  80.,  85.,  87.,  89.,  90.,  91.,  93.,  94.,  95.,  96.,  97., 103., 104., 105., 101., 106., 100.])
Frame 139.0: tensor([ 61.,  74.,  75.,  77.,  78.,  80.,  85.,  87.,  89.,  90.,  91.,  93.,  94.,  95.,  96.,  97., 103., 104., 105., 101., 106., 107., 100.])
Frame 140.0: tensor([ 61.,  74.,  75.,  77.,  78.,  80.,  85.,  87.,  89.,  90.,  91.,  93.,  94.,  95.,  96.,  97., 103., 104., 105., 101., 106., 107., 100., 108.])
Frame 141.0: tensor([ 61.,  74.,  75.,  77.,  78.,  80.,  85.,  87.,  89.,  90.,  91.,  93.,  94.,  95.,  96.,  97., 103., 104., 105., 101., 106., 107., 100., 108.])
Frame 142.0: tensor([ 61.,  75.,  77.,  78.,  80.,  85.,  87.,  89.,  90.,  91.,  93.,  94.,  95.,  96.,  97., 103., 104., 105., 101., 106., 107., 100., 108., 109., 110., 111.])
Frame 143.0: tensor([ 77.,  78.,  80.,  85.,  87.,  89.,  90.,  91.,  93.,  94.,  95.,  96.,  97., 103., 104., 105., 101., 106., 107., 100., 108., 109., 110., 111., 112., 113., 114.])
Frame 144.0: tensor([ 77.,  80.,  85.,  87.,  89.,  90.,  91.,  93.,  94.,  96.,  97., 103., 104., 105., 106., 107., 100., 108., 109., 110., 111., 112., 113., 114., 115.])
Frame 145.0: tensor([ 77.,  80.,  87.,  89.,  90.,  91.,  93.,  94.,  96.,  97., 103., 104., 105., 106., 107., 100., 108., 109., 110., 111., 112., 113., 114., 115., 116., 117.])
Frame 146.0: tensor([ 80.,  87.,  90.,  91.,  93.,  94.,  96.,  97., 103., 104., 105., 106., 107., 100., 108., 109., 110., 111., 112., 113., 114., 115., 116., 117., 118.])
Frame 147.0: tensor([ 90.,  91.,  93.,  94.,  96.,  97., 103., 104., 105., 106., 107., 100., 108., 109., 110., 111., 112., 113., 114., 115., 116., 117., 118., 119.])
Frame 148.0: tensor([ 90.,  91.,  93.,  94.,  96.,  97., 103., 104., 105., 106., 107., 100., 108., 109., 110., 111., 112., 113., 116., 117., 118., 119., 120.])
Frame 149.0: tensor([ 90.,  91.,  93.,  94.,  96.,  97., 104., 105., 106., 107., 100., 108., 109., 110., 111., 112., 113., 116., 117., 118., 119., 120., 121., 122.])
Frame 150.0: tensor([ 90.,  91.,  93.,  94.,  96.,  97., 104., 106., 107., 100., 108., 109., 110., 111., 113., 116., 117., 118., 119., 120., 121., 122., 123.])
Frame 151.0: tensor([ 90.,  93.,  94.,  97., 104., 106., 107., 100., 108., 109., 110., 111., 113., 116., 117., 118., 119., 120., 121., 122., 123., 124., 125., 112.])
Frame 152.0: tensor([ 90.,  93.,  94.,  97., 104., 106., 107., 100., 108., 109., 110., 111., 113., 116., 117., 118., 119., 120., 121., 122., 123., 124., 125., 112.])
Frame 153.0: tensor([ 90.,  93.,  97., 104., 106., 107., 100., 109., 110., 111., 113., 116., 118., 120., 121., 122., 123., 125., 112.])
Frame 154.0: tensor([ 93.,  97., 104., 106., 107., 109., 110., 111., 113., 116., 118., 120., 121., 122., 123., 125., 112., 129., 131.,  88.])
Frame 155.0: tensor([ 93.,  97., 104., 106., 109., 110., 111., 116., 118., 120., 121., 122., 123., 125., 112., 129., 131.,  88.])
Frame 156.0: tensor([ 93.,  97., 104., 106., 109., 110., 116., 118., 120., 121., 122., 123., 125., 129., 131., 132., 135.])
Frame 157.0: tensor([ 97., 104., 106., 109., 110., 116., 118., 120., 121., 122., 123., 125., 129., 131., 132., 135., 137., 111.])
Frame 158.0: tensor([ 97., 104., 106., 109., 110., 116., 118., 121., 122., 123., 125., 129., 131., 132., 135., 137., 138., 111.])
Frame 159.0: tensor([104., 106., 109., 110., 116., 118., 121., 122., 123., 125., 129., 131., 132., 135., 137., 138., 111., 141.])
Frame 160.0: tensor([104., 106., 109., 110., 118., 121., 122., 123., 125., 129., 131., 132., 135., 137., 138., 111., 141., 142.])
Frame 161.0: tensor([104., 106., 109., 110., 118., 121., 122., 123., 125., 129., 131., 132., 135., 137., 138., 141., 142., 145.])
Frame 162.0: tensor([104., 106., 109., 110., 118., 121., 123., 125., 129., 131., 132., 135., 137., 138., 141., 142., 145.])
Frame 163.0: tensor([104., 106., 110., 118., 121., 123., 125., 129., 131., 132., 135., 137., 138., 142., 145.])
Frame 164.0: tensor([104., 106., 118., 121., 123., 125., 129., 131., 132., 135., 137., 138., 142., 145.])
Frame 165.0: tensor([104., 106., 118., 121., 123., 125., 129., 131., 132., 135., 137., 138., 142., 145.])
Frame 166.0: tensor([104., 106., 118., 121., 123., 125., 129., 131., 132., 135., 137., 138., 142., 145., 122.])
Frame 167.0: tensor([104., 106., 118., 121., 123., 125., 129., 131., 132., 135., 137., 138., 142., 145., 153., 122., 110.])
Frame 168.0: tensor([104., 106., 118., 121., 123., 125., 129., 131., 132., 135., 137., 138., 142., 145., 153., 122., 155., 110.])
Frame 169.0: tensor([104., 106., 118., 121., 123., 125., 129., 131., 132., 135., 137., 138., 142., 145., 153., 122., 155., 110., 111.])
Frame 170.0: tensor([104., 106., 121., 123., 125., 129., 131., 132., 135., 137., 138., 142., 145., 153., 122., 110., 111.])
Frame 171.0: tensor([104., 106., 121., 123., 125., 129., 131., 132., 135., 137., 138., 142., 145., 153., 122., 110., 111., 109., 155.])
Frame 172.0: tensor([104., 121., 123., 125., 129., 131., 132., 135., 137., 138., 142., 145., 153., 122., 110., 161., 109., 155., 141.])
Frame 173.0: tensor([104., 121., 123., 125., 129., 131., 132., 135., 137., 138., 142., 145., 153., 122., 110., 161., 109., 155., 141., 106.])
Frame 174.0: tensor([104., 121., 123., 125., 129., 131., 132., 135., 137., 138., 142., 145., 153., 122., 110., 161., 109., 155., 141.])
Frame 175.0: tensor([104., 121., 123., 125., 129., 131., 132., 135., 137., 138., 142., 145., 153., 122., 110., 161., 109., 155., 141.])
Frame 176.0: tensor([123., 125., 129., 131., 132., 135., 137., 138., 142., 145., 153., 122., 110., 161., 109., 155., 141.])
Frame 177.0: tensor([123., 125., 129., 131., 132., 135., 137., 138., 142., 145., 122., 110., 161., 109., 155., 141., 111.])
Frame 178.0: tensor([123., 125., 129., 131., 132., 135., 137., 138., 142., 145., 122., 110., 161., 109., 155., 141., 169., 111., 153.])
Frame 179.0: tensor([123., 129., 131., 132., 135., 137., 138., 142., 145., 122., 110., 161., 155., 141., 169., 111., 170., 171., 153.])
Frame 180.0: tensor([123., 129., 131., 132., 135., 137., 138., 142., 145., 122., 110., 161., 155., 141., 111., 170., 171., 172.])
Frame 181.0: tensor([123., 129., 131., 132., 135., 137., 138., 142., 145., 122., 110., 161., 155., 141., 111., 170., 171., 172., 173., 174., 153.])
Frame 182.0: tensor([123., 129., 131., 132., 135., 137., 138., 142., 145., 122., 110., 161., 155., 141., 111., 170., 171., 172., 173., 174., 175., 153., 109.])
Frame 183.0: tensor([123., 129., 131., 132., 135., 137., 138., 142., 145., 122., 110., 161., 155., 141., 111., 170., 171., 172., 173., 174., 175., 153., 176., 109.])
Frame 184.0: tensor([129., 131., 132., 135., 137., 138., 142., 145., 110., 161., 155., 141., 111., 170., 171., 172., 173., 174., 175., 153., 176., 109.])
Frame 185.0: tensor([129., 131., 132., 135., 137., 138., 142., 145., 110., 161., 155., 141., 111., 171., 172., 174., 175., 153., 176., 109.])
Frame 186.0: tensor([129., 131., 132., 135., 137., 138., 142., 145., 110., 161., 155., 141., 111., 171., 172., 174., 175., 153., 176., 109.])
Frame 187.0: tensor([129., 131., 132., 135., 137., 138., 142., 145., 110., 161., 155., 141., 111., 171., 172., 175., 153., 176., 109., 178., 173.])
Frame 188.0: tensor([129., 131., 132., 135., 137., 138., 142., 145., 110., 161., 155., 141., 111., 171., 172., 175., 153., 176., 109., 178., 179., 173.])
Frame 189.0: tensor([129., 131., 132., 135., 137., 138., 142., 145., 110., 161., 155., 141., 111., 171., 172., 175., 153., 176., 178., 179., 173., 180.])
Frame 190.0: tensor([129., 131., 132., 135., 137., 138., 142., 145., 110., 161., 155., 141., 111., 171., 172., 175., 153., 176., 178., 179., 173., 180., 181.])
Frame 191.0: tensor([129., 131., 132., 135., 137., 138., 142., 145., 110., 161., 155., 141., 111., 171., 172., 175., 153., 176., 178., 179., 173., 180., 181.])
Frame 192.0: tensor([129., 131., 132., 135., 137., 138., 142., 145., 110., 161., 155., 141., 171., 172., 175., 153., 176., 178., 179., 173., 180., 181., 183.])
Frame 193.0: tensor([129., 131., 132., 135., 137., 138., 142., 161., 155., 141., 171., 172., 175., 153., 178., 179., 173., 180., 181., 183., 184., 185.])
Frame 194.0: tensor([129., 131., 132., 135., 137., 138., 142., 161., 141., 171., 172., 175., 153., 178., 179., 173., 180., 181., 183., 184., 185., 186.])
Frame 195.0: tensor([129., 131., 132., 135., 137., 142., 161., 141., 171., 172., 153., 179., 173., 180., 181., 183., 184., 185., 186., 187., 188., 189.])
Frame 196.0: tensor([129., 131., 132., 135., 137., 142., 161., 141., 171., 172., 153., 179., 173., 180., 181., 183., 184., 185., 186., 187., 188., 189., 178.])
Frame 197.0: tensor([129., 131., 132., 135., 137., 142., 161., 141., 171., 172., 153., 179., 173., 180., 181., 183., 184., 185., 186., 187., 188., 189., 190., 178.])
Frame 198.0: tensor([129., 131., 132., 135., 137., 161., 141., 171., 172., 179., 173., 180., 181., 183., 184., 185., 186., 187., 188., 189., 190., 178., 175.])
Frame 199.0: tensor([129., 131., 132., 135., 137., 161., 141., 172., 179., 173., 180., 181., 183., 184., 185., 186., 187., 188., 189., 190., 178., 175.])
Frame 200.0: tensor([129., 131., 132., 135., 137., 161., 141., 172., 179., 173., 180., 181., 183., 184., 185., 186., 187., 188., 189., 190., 175.])
Frame 201.0: tensor([129., 131., 132., 135., 137., 161., 172., 179., 173., 180., 181., 183., 184., 185., 186., 187., 188., 189., 190., 175., 193., 194., 171.])
Frame 202.0: tensor([129., 131., 132., 135., 137., 161., 172., 179., 173., 180., 181., 183., 184., 185., 186., 187., 189., 190., 175., 193., 194., 171., 178.])
Frame 203.0: tensor([129., 132., 135., 137., 161., 172., 179., 173., 180., 181., 183., 184., 185., 186., 187., 189., 190., 175., 193., 194., 171., 195., 196., 178.])
Frame 204.0: tensor([129., 132., 135., 137., 161., 172., 179., 173., 180., 181., 183., 184., 185., 186., 187., 189., 190., 175., 193., 194., 171., 195., 196., 178.])
Frame 205.0: tensor([132., 137., 161., 172., 179., 173., 180., 181., 183., 184., 185., 186., 187., 189., 190., 175., 193., 194., 171., 195., 196., 178.])
Frame 206.0: tensor([132., 137., 161., 172., 179., 173., 180., 181., 183., 184., 185., 186., 187., 189., 190., 175., 193., 194., 171., 195., 196.])
Frame 207.0: tensor([161., 172., 179., 173., 180., 181., 183., 184., 185., 186., 187., 189., 190., 175., 193., 194., 171., 195., 196.])
Frame 208.0: tensor([161., 172., 179., 173., 180., 181., 183., 184., 185., 186., 187., 189., 190., 175., 193., 194., 171., 195., 196.])
Frame 209.0: tensor([161., 172., 173., 180., 181., 183., 184., 185., 186., 187., 189., 190., 175., 193., 194., 171., 195., 196.])
Frame 210.0: tensor([161., 172., 173., 180., 181., 183., 184., 185., 186., 187., 189., 190., 175., 193., 194., 171., 195., 196.])
Frame 211.0: tensor([161., 172., 173., 180., 181., 183., 184., 185., 186., 187., 189., 190., 175., 193., 194., 171., 195., 196.])
Frame 212.0: tensor([161., 172., 173., 180., 181., 183., 184., 185., 186., 187., 189., 190., 175., 193., 194., 171., 195., 196.])
Frame 213.0: tensor([161., 172., 173., 180., 181., 183., 184., 185., 186., 187., 189., 190., 175., 193., 194., 171., 195., 196.])
Frame 214.0: tensor([161., 172., 173., 180., 181., 183., 184., 185., 186., 187., 189., 190., 175., 193., 194., 171., 195., 196.])
Frame 215.0: tensor([161., 172., 173., 180., 181., 183., 184., 185., 186., 187., 189., 190., 175., 193., 194., 171., 195., 196.])
Frame 216.0: tensor([161., 172., 173., 180., 181., 183., 184., 185., 186., 187., 189., 190., 175., 193., 194., 171., 195., 196., 199.])
Frame 217.0: tensor([161., 172., 173., 180., 181., 183., 184., 185., 186., 187., 189., 190., 175., 193., 194., 171., 195., 196., 199., 200.])
Frame 218.0: tensor([161., 172., 173., 180., 181., 183., 184., 185., 186., 187., 189., 190., 175., 193., 194., 171., 195., 196., 199., 200.])
Frame 219.0: tensor([161., 172., 173., 180., 181., 183., 184., 185., 186., 187., 189., 190., 175., 193., 194., 171., 195., 196., 199., 200.])
Frame 220.0: tensor([161., 172., 173., 180., 181., 183., 184., 185., 186., 187., 189., 190., 175., 193., 194., 171., 195., 196., 199., 200.])
Frame 221.0: tensor([161., 172., 173., 180., 181., 183., 184., 185., 186., 187., 189., 190., 193., 194., 171., 195., 196., 199., 200.])
Frame 222.0: tensor([161., 172., 173., 180., 181., 183., 184., 185., 186., 187., 189., 190., 193., 194., 171., 195., 196., 199., 200.])
Frame 223.0: tensor([161., 172., 173., 181., 183., 184., 185., 186., 187., 189., 190., 193., 194., 171., 195., 196., 199., 200.])
Frame 224.0: tensor([161., 172., 173., 181., 183., 184., 185., 186., 187., 189., 190., 193., 194., 171., 195., 196., 199., 200.])
Frame 225.0: tensor([161., 172., 173., 181., 183., 184., 185., 186., 187., 189., 190., 193., 194., 171., 195., 196., 199., 200.])
Frame 226.0: tensor([161., 172., 173., 181., 183., 184., 185., 186., 187., 189., 190., 193., 194., 171., 195., 196., 199., 200.])
Frame 227.0: tensor([161., 172., 173., 181., 183., 184., 185., 186., 187., 189., 190., 193., 194., 171., 195., 196., 199., 200.])
Frame 228.0: tensor([161., 172., 173., 181., 183., 184., 185., 186., 187., 189., 190., 193., 194., 171., 195., 196., 199., 200.])
Frame 229.0: tensor([161., 172., 173., 181., 183., 184., 185., 186., 187., 189., 190., 193., 194., 171., 195., 196., 199., 200., 201.])
Frame 230.0: tensor([161., 172., 173., 181., 183., 184., 185., 186., 187., 189., 190., 193., 194., 171., 195., 196., 199., 200., 201.])
Frame 231.0: tensor([161., 172., 173., 181., 183., 184., 185., 186., 187., 189., 190., 193., 194., 171., 195., 196., 199., 200., 201.])
Frame 232.0: tensor([161., 172., 173., 181., 183., 184., 185., 186., 187., 189., 190., 193., 194., 171., 195., 196., 199., 200., 201.])
Frame 233.0: tensor([161., 172., 173., 181., 183., 184., 185., 186., 187., 190., 193., 194., 171., 195., 196., 199., 200., 201., 202.])
Frame 234.0: tensor([161., 172., 173., 181., 183., 184., 185., 186., 187., 190., 193., 194., 171., 195., 196., 199., 200., 201., 202.])
Frame 235.0: tensor([161., 172., 173., 181., 183., 184., 185., 186., 187., 190., 193., 194., 171., 195., 196., 199., 200., 201., 202.])
Frame 236.0: tensor([161., 172., 173., 181., 183., 184., 185., 186., 187., 190., 193., 194., 171., 195., 196., 199., 200., 201., 202.])
Frame 237.0: tensor([161., 172., 173., 181., 183., 184., 185., 186., 187., 190., 193., 194., 171., 195., 196., 199., 200., 201., 202.])
Frame 238.0: tensor([161., 172., 173., 181., 183., 184., 185., 186., 187., 190., 193., 194., 171., 195., 196., 199., 200., 201., 202., 189.])
Frame 239.0: tensor([161., 172., 173., 181., 183., 184., 185., 186., 187., 190., 193., 194., 171., 195., 196., 199., 200., 201., 202., 189.])
Frame 240.0: tensor([161., 172., 173., 181., 183., 184., 185., 186., 187., 190., 193., 194., 171., 195., 196., 199., 200., 201., 202., 189.])
Frame 241.0: tensor([161., 172., 173., 181., 183., 184., 185., 186., 187., 190., 193., 194., 171., 195., 196., 199., 200., 201., 202., 189.])
Frame 242.0: tensor([161., 172., 173., 181., 183., 184., 185., 186., 187., 190., 193., 194., 171., 195., 196., 199., 200., 201., 202., 189.])
Frame 243.0: tensor([161., 172., 173., 181., 183., 184., 185., 186., 187., 190., 193., 194., 171., 195., 196., 199., 200., 201., 202., 189.])
Frame 244.0: tensor([161., 172., 173., 181., 183., 184., 185., 186., 187., 190., 193., 194., 171., 195., 196., 199., 200., 201., 202., 189.])
Frame 245.0: tensor([161., 172., 173., 181., 183., 184., 185., 186., 187., 190., 193., 194., 171., 195., 196., 199., 200., 201., 202., 189.])
Frame 246.0: tensor([161., 172., 173., 181., 183., 184., 185., 186., 187., 190., 193., 194., 171., 195., 196., 199., 200., 201., 202., 189.])
Frame 247.0: tensor([161., 172., 173., 181., 183., 184., 185., 186., 187., 190., 193., 194., 171., 195., 196., 199., 200., 201., 202., 189.])
Frame 248.0: tensor([161., 172., 173., 181., 183., 184., 185., 186., 187., 190., 193., 194., 171., 195., 196., 199., 200., 201., 202., 189.])
Frame 249.0: tensor([161., 172., 173., 181., 183., 184., 185., 186., 187., 190., 193., 194., 171., 195., 196., 199., 200., 201., 202., 189.])
Frame 250.0: tensor([161., 172., 173., 181., 183., 184., 185., 186., 187., 190., 193., 194., 171., 195., 196., 199., 200., 201., 202., 189.])
