Frame 1.0: tensor([17.0, 16.0, 15.0, 14.0, 13.0, 12.0, 11.0, 10.0, 9.0, 8.0, 7.0, 6.0, 5.0, 4.0, 3.0, 2.0, 1.0])
Frame 2.0: tensor([17.0, 16.0, 15.0, 14.0, 13.0, 12.0, 11.0, 10.0, 9.0, 8.0, 7.0, 6.0, 5.0, 4.0, 3.0, 2.0, 1.0])
Frame 3.0: tensor([17.0, 16.0, 15.0, 14.0, 13.0, 12.0, 11.0, 10.0, 9.0, 8.0, 7.0, 6.0, 5.0, 4.0, 3.0, 2.0, 1.0])
Frame 4.0: tensor([17.0, 16.0, 15.0, 14.0, 13.0, 12.0, 11.0, 10.0, 9.0, 8.0, 7.0, 6.0, 5.0, 4.0, 3.0, 2.0, 1.0])
Frame 5.0: tensor([17.0, 16.0, 15.0, 14.0, 13.0, 12.0, 11.0, 10.0, 9.0, 8.0, 7.0, 6.0, 5.0, 4.0, 3.0, 2.0, 1.0])
Frame 6.0: tensor([17.0, 16.0, 15.0, 14.0, 13.0, 12.0, 11.0, 10.0, 9.0, 8.0, 7.0, 6.0, 5.0, 4.0, 3.0, 2.0, 1.0])
Frame 7.0: tensor([17.0, 16.0, 15.0, 14.0, 13.0, 12.0, 11.0, 10.0, 9.0, 8.0, 7.0, 6.0, 5.0, 4.0, 3.0, 2.0, 1.0])
Frame 8.0: tensor([17.0, 16.0, 15.0, 14.0, 13.0, 12.0, 11.0, 10.0, 9.0, 8.0, 7.0, 6.0, 5.0, 4.0, 3.0, 2.0, 1.0])
Frame 9.0: tensor([17.0, 16.0, 15.0, 14.0, 13.0, 12.0, 11.0, 10.0, 9.0, 8.0, 7.0, 6.0, 5.0, 4.0, 3.0, 2.0, 1.0])
Frame 10.0: tensor([17.0, 16.0, 15.0, 14.0, 13.0, 12.0, 11.0, 10.0, 9.0, 8.0, 7.0, 6.0, 5.0, 4.0, 3.0, 2.0, 1.0])
Frame 11.0: tensor([17.0, 16.0, 15.0, 14.0, 13.0, 12.0, 11.0, 10.0, 9.0, 8.0, 7.0, 6.0, 5.0, 4.0, 3.0, 2.0, 1.0])
Frame 12.0: tensor([17.0, 16.0, 15.0, 14.0, 13.0, 12.0, 11.0, 10.0, 9.0, 8.0, 7.0, 6.0, 5.0, 4.0, 3.0, 2.0, 1.0])
Frame 13.0: tensor([17.0, 16.0, 15.0, 14.0, 13.0, 12.0, 11.0, 10.0, 9.0, 8.0, 7.0, 6.0, 5.0, 4.0, 3.0, 2.0, 1.0])
Frame 14.0: tensor([18.0, 17.0, 16.0, 15.0, 14.0, 13.0, 12.0, 11.0, 10.0, 9.0, 8.0, 7.0, 6.0, 5.0, 4.0, 3.0, 2.0, 1.0])
Frame 15.0: tensor([17.0, 16.0, 15.0, 14.0, 13.0, 12.0, 11.0, 10.0, 9.0, 8.0, 7.0, 6.0, 5.0, 4.0, 3.0, 2.0, 1.0])
Frame 16.0: tensor([17.0, 16.0, 15.0, 14.0, 13.0, 12.0, 11.0, 10.0, 9.0, 8.0, 7.0, 6.0, 5.0, 4.0, 3.0, 2.0, 1.0])
Frame 17.0: tensor([17.0, 16.0, 15.0, 14.0, 13.0, 12.0, 11.0, 10.0, 9.0, 8.0, 7.0, 6.0, 5.0, 4.0, 3.0, 2.0, 1.0])
Frame 18.0: tensor([17.0, 16.0, 15.0, 14.0, 13.0, 12.0, 11.0, 10.0, 9.0, 7.0, 6.0, 5.0, 4.0, 3.0, 2.0, 1.0])
Frame 19.0: tensor([17.0, 16.0, 15.0, 14.0, 13.0, 12.0, 11.0, 10.0, 9.0, 7.0, 6.0, 5.0, 4.0, 3.0, 2.0, 1.0])
Frame 20.0: tensor([18.0, 17.0, 15.0, 14.0, 13.0, 12.0, 11.0, 10.0, 9.0, 7.0, 6.0, 5.0, 4.0, 3.0, 2.0, 1.0])
Frame 21.0: tensor([20.0, 18.0, 17.0, 15.0, 14.0, 13.0, 12.0, 11.0, 10.0, 9.0, 7.0, 6.0, 5.0, 4.0, 3.0, 2.0, 1.0])
Frame 22.0: tensor([20.0, 18.0, 17.0, 15.0, 14.0, 13.0, 12.0, 11.0, 10.0, 9.0, 7.0, 6.0, 5.0, 4.0, 3.0, 2.0, 1.0])
Frame 23.0: tensor([20.0, 18.0, 15.0, 14.0, 13.0, 12.0, 11.0, 10.0, 9.0, 7.0, 6.0, 5.0, 4.0, 3.0, 2.0, 1.0])
Frame 24.0: tensor([20.0, 18.0, 15.0, 14.0, 13.0, 12.0, 11.0, 10.0, 9.0, 7.0, 6.0, 5.0, 4.0, 3.0, 2.0, 1.0])
Frame 25.0: tensor([20.0, 18.0, 15.0, 14.0, 13.0, 12.0, 11.0, 10.0, 9.0, 7.0, 6.0, 5.0, 4.0, 3.0, 2.0, 1.0])
Frame 26.0: tensor([21.0, 18.0, 15.0, 14.0, 13.0, 11.0, 10.0, 9.0, 7.0, 6.0, 5.0, 4.0, 3.0, 2.0, 1.0])
Frame 27.0: tensor([21.0, 18.0, 15.0, 14.0, 13.0, 11.0, 10.0, 9.0, 7.0, 6.0, 5.0, 4.0, 3.0, 2.0, 1.0])
Frame 28.0: tensor([21.0, 18.0, 15.0, 14.0, 13.0, 11.0, 10.0, 9.0, 7.0, 6.0, 5.0, 4.0, 3.0, 2.0, 1.0])
Frame 29.0: tensor([24.0, 21.0, 18.0, 15.0, 14.0, 13.0, 11.0, 10.0, 9.0, 7.0, 6.0, 5.0, 4.0, 3.0, 2.0, 1.0])
Frame 30.0: tensor([25.0, 24.0, 21.0, 18.0, 15.0, 14.0, 13.0, 11.0, 10.0, 9.0, 7.0, 6.0, 5.0, 4.0, 3.0, 2.0, 1.0])
Frame 31.0: tensor([25.0, 24.0, 18.0, 15.0, 14.0, 13.0, 11.0, 10.0, 9.0, 7.0, 6.0, 5.0, 4.0, 3.0, 2.0, 1.0])
Frame 32.0: tensor([25.0, 24.0, 18.0, 15.0, 13.0, 11.0, 10.0, 9.0, 7.0, 6.0, 5.0, 4.0, 3.0, 2.0, 1.0])
Frame 33.0: tensor([25.0, 24.0, 18.0, 15.0, 13.0, 11.0, 10.0, 9.0, 7.0, 6.0, 5.0, 4.0, 3.0, 2.0, 1.0])
Frame 34.0: tensor([28.0, 25.0, 24.0, 18.0, 15.0, 13.0, 11.0, 10.0, 9.0, 7.0, 6.0, 5.0, 4.0, 3.0, 2.0, 1.0])
Frame 35.0: tensor([28.0, 25.0, 24.0, 18.0, 15.0, 13.0, 11.0, 10.0, 9.0, 7.0, 6.0, 5.0, 4.0, 3.0, 2.0, 1.0])
Frame 36.0: tensor([31.0, 28.0, 25.0, 24.0, 21.0, 18.0, 13.0, 11.0, 10.0, 9.0, 7.0, 6.0, 4.0, 3.0, 2.0, 1.0])
Frame 37.0: tensor([31.0, 28.0, 25.0, 24.0, 21.0, 18.0, 13.0, 11.0, 10.0, 9.0, 7.0, 6.0, 4.0, 3.0, 2.0, 1.0])
Frame 38.0: tensor([31.0, 28.0, 25.0, 24.0, 21.0, 18.0, 13.0, 11.0, 10.0, 9.0, 7.0, 6.0, 4.0, 3.0, 2.0, 1.0])
Frame 39.0: tensor([31.0, 28.0, 25.0, 24.0, 21.0, 18.0, 13.0, 11.0, 10.0, 9.0, 7.0, 6.0, 4.0, 3.0, 2.0, 1.0])
Frame 40.0: tensor([31.0, 28.0, 25.0, 24.0, 21.0, 18.0, 13.0, 11.0, 10.0, 9.0, 7.0, 6.0, 4.0, 3.0, 2.0, 1.0])
Frame 41.0: tensor([31.0, 28.0, 25.0, 24.0, 21.0, 18.0, 13.0, 11.0, 10.0, 9.0, 7.0, 6.0, 4.0, 3.0, 2.0, 1.0])
Frame 42.0: tensor([31.0, 28.0, 25.0, 24.0, 18.0, 13.0, 11.0, 10.0, 9.0, 7.0, 6.0, 4.0, 3.0, 2.0, 1.0])
Frame 43.0: tensor([31.0, 28.0, 25.0, 24.0, 18.0, 13.0, 11.0, 10.0, 9.0, 7.0, 6.0, 4.0, 3.0, 2.0, 1.0])
Frame 44.0: tensor([31.0, 28.0, 25.0, 24.0, 13.0, 11.0, 10.0, 9.0, 7.0, 6.0, 4.0, 3.0, 2.0, 1.0])
Frame 45.0: tensor([44.0, 41.0, 31.0, 28.0, 25.0, 24.0, 13.0, 11.0, 10.0, 9.0, 7.0, 6.0, 4.0, 3.0, 2.0])
Frame 46.0: tensor([45.0, 44.0, 41.0, 31.0, 28.0, 25.0, 24.0, 13.0, 11.0, 10.0, 9.0, 7.0, 6.0, 4.0, 3.0, 2.0])
Frame 47.0: tensor([49.0, 45.0, 44.0, 41.0, 31.0, 28.0, 25.0, 24.0, 13.0, 11.0, 10.0, 9.0, 7.0, 6.0, 4.0, 3.0, 2.0])
Frame 48.0: tensor([51.0, 49.0, 45.0, 44.0, 41.0, 31.0, 28.0, 25.0, 24.0, 13.0, 11.0, 10.0, 9.0, 7.0, 6.0, 3.0, 2.0])
Frame 49.0: tensor([51.0, 49.0, 45.0, 44.0, 41.0, 31.0, 28.0, 25.0, 24.0, 13.0, 11.0, 10.0, 9.0, 7.0, 6.0, 3.0])
Frame 50.0: tensor([55.0, 51.0, 49.0, 45.0, 44.0, 41.0, 31.0, 28.0, 25.0, 24.0, 13.0, 11.0, 10.0, 9.0, 7.0, 6.0, 3.0])
Frame 51.0: tensor([60.0, 58.0, 55.0, 51.0, 49.0, 45.0, 44.0, 41.0, 31.0, 28.0, 25.0, 24.0, 13.0, 11.0, 10.0, 9.0, 7.0, 3.0])
Frame 52.0: tensor([60.0, 58.0, 55.0, 51.0, 49.0, 45.0, 44.0, 41.0, 31.0, 28.0, 25.0, 24.0, 13.0, 11.0, 10.0, 9.0, 7.0, 3.0])
Frame 53.0: tensor([60.0, 58.0, 55.0, 51.0, 49.0, 45.0, 44.0, 41.0, 31.0, 28.0, 25.0, 24.0, 13.0, 10.0, 7.0, 3.0])
Frame 54.0: tensor([60.0, 58.0, 55.0, 51.0, 49.0, 45.0, 44.0, 41.0, 31.0, 25.0, 24.0, 13.0, 10.0, 7.0, 3.0])
Frame 55.0: tensor([60.0, 58.0, 55.0, 51.0, 49.0, 45.0, 44.0, 41.0, 31.0, 25.0, 24.0, 13.0, 10.0, 7.0, 3.0])
Frame 56.0: tensor([80.0, 60.0, 58.0, 55.0, 51.0, 49.0, 45.0, 44.0, 41.0, 31.0, 25.0, 24.0, 13.0, 10.0, 7.0, 3.0])
Frame 57.0: tensor([80.0, 60.0, 58.0, 55.0, 51.0, 49.0, 45.0, 44.0, 41.0, 31.0, 25.0, 24.0, 13.0, 10.0, 7.0, 3.0])
Frame 58.0: tensor([108.0, 107.0, 80.0, 60.0, 58.0, 55.0, 51.0, 49.0, 45.0, 44.0, 41.0, 31.0, 28.0, 25.0, 24.0, 13.0, 10.0, 7.0, 3.0])
Frame 59.0: tensor([108.0, 107.0, 80.0, 60.0, 58.0, 55.0, 51.0, 49.0, 45.0, 44.0, 41.0, 31.0, 28.0, 25.0, 24.0, 13.0, 10.0, 7.0, 3.0])
Frame 60.0: tensor([108.0, 107.0, 80.0, 60.0, 58.0, 55.0, 51.0, 49.0, 45.0, 44.0, 41.0, 31.0, 28.0, 25.0, 24.0, 13.0, 10.0, 7.0, 3.0])
Frame 61.0: tensor([108.0, 107.0, 80.0, 60.0, 58.0, 55.0, 51.0, 49.0, 45.0, 44.0, 41.0, 31.0, 28.0, 25.0, 24.0, 13.0, 10.0, 7.0])
Frame 62.0: tensor([117.0, 108.0, 107.0, 80.0, 60.0, 58.0, 55.0, 51.0, 49.0, 45.0, 44.0, 41.0, 31.0, 28.0, 25.0, 24.0, 7.0])
Frame 63.0: tensor([117.0, 108.0, 107.0, 80.0, 60.0, 58.0, 55.0, 51.0, 49.0, 45.0, 44.0, 41.0, 31.0, 28.0, 25.0, 24.0])
Frame 64.0: tensor([162.0, 117.0, 108.0, 107.0, 80.0, 60.0, 58.0, 55.0, 51.0, 49.0, 45.0, 44.0, 41.0, 31.0, 28.0, 24.0])
Frame 65.0: tensor([162.0, 117.0, 108.0, 107.0, 80.0, 60.0, 58.0, 55.0, 51.0, 49.0, 45.0, 44.0, 41.0, 31.0, 28.0, 24.0])
Frame 66.0: tensor([162.0, 117.0, 108.0, 107.0, 80.0, 60.0, 58.0, 55.0, 51.0, 49.0, 45.0, 44.0, 41.0, 31.0, 28.0, 24.0])
Frame 67.0: tensor([162.0, 117.0, 108.0, 107.0, 80.0, 60.0, 58.0, 55.0, 51.0, 49.0, 45.0, 44.0, 41.0, 31.0, 28.0, 24.0])
Frame 68.0: tensor([117.0, 108.0, 107.0, 80.0, 60.0, 58.0, 55.0, 51.0, 49.0, 45.0, 44.0, 41.0, 31.0, 28.0, 24.0])
Frame 69.0: tensor([117.0, 108.0, 80.0, 60.0, 58.0, 55.0, 51.0, 49.0, 45.0, 44.0, 41.0, 31.0, 28.0, 24.0])
Frame 70.0: tensor([117.0, 108.0, 80.0, 58.0, 55.0, 51.0, 49.0, 45.0, 44.0, 41.0, 31.0, 24.0])
Frame 71.0: tensor([117.0, 108.0, 58.0, 55.0, 51.0, 49.0, 45.0, 44.0, 41.0, 31.0, 24.0])
Frame 72.0: tensor([117.0, 108.0, 58.0, 55.0, 51.0, 49.0, 45.0, 44.0, 41.0, 31.0, 24.0])
Frame 73.0: tensor([117.0, 108.0, 58.0, 55.0, 51.0, 49.0, 45.0, 44.0, 41.0, 31.0, 24.0])
Frame 74.0: tensor([117.0, 108.0, 58.0, 55.0, 51.0, 49.0, 45.0, 44.0, 41.0, 31.0, 24.0])
Frame 75.0: tensor([117.0, 108.0, 58.0, 55.0, 51.0, 49.0, 45.0, 44.0, 41.0, 31.0, 24.0])
Frame 76.0: tensor([117.0, 108.0, 58.0, 55.0, 51.0, 49.0, 45.0, 44.0, 41.0, 31.0, 24.0])
Frame 77.0: tensor([117.0, 108.0, 80.0, 55.0, 51.0, 49.0, 45.0, 44.0, 41.0, 31.0, 24.0])
Frame 78.0: tensor([117.0, 108.0, 80.0, 55.0, 51.0, 49.0, 45.0, 44.0, 41.0, 31.0, 24.0])
Frame 79.0: tensor([117.0, 108.0, 80.0, 55.0, 51.0, 49.0, 45.0, 44.0, 41.0, 31.0, 24.0])
Frame 80.0: tensor([117.0, 108.0, 80.0, 55.0, 51.0, 49.0, 45.0, 44.0, 41.0, 31.0, 24.0])
Frame 81.0: tensor([117.0, 108.0, 80.0, 55.0, 51.0, 49.0, 45.0, 44.0, 41.0, 31.0, 24.0])
Frame 82.0: tensor([117.0, 108.0, 80.0, 55.0, 51.0, 49.0, 45.0, 44.0, 41.0, 31.0])
Frame 83.0: tensor([117.0, 108.0, 80.0, 55.0, 51.0, 49.0, 45.0, 44.0, 41.0, 31.0])
Frame 84.0: tensor([117.0, 108.0, 80.0, 55.0, 51.0, 49.0, 45.0, 44.0, 41.0, 31.0])
Frame 85.0: tensor([117.0, 108.0, 80.0, 51.0, 49.0, 45.0, 44.0, 41.0, 31.0])
Frame 86.0: tensor([117.0, 108.0, 80.0, 51.0, 49.0, 45.0, 44.0, 41.0, 31.0])
Frame 87.0: tensor([117.0, 108.0, 80.0, 51.0, 49.0, 45.0, 44.0, 41.0, 31.0])
Frame 88.0: tensor([117.0, 108.0, 80.0, 51.0, 49.0, 45.0, 44.0, 41.0, 31.0])
Frame 89.0: tensor([117.0, 108.0, 80.0, 51.0, 49.0, 45.0, 44.0, 41.0, 31.0])
Frame 90.0: tensor([117.0, 108.0, 51.0, 49.0, 45.0, 44.0, 41.0, 31.0])
Frame 91.0: tensor([117.0, 108.0, 51.0, 49.0, 45.0, 44.0, 41.0])
Frame 92.0: tensor([117.0, 108.0, 51.0, 49.0, 45.0, 44.0, 41.0])
Frame 93.0: tensor([117.0, 108.0, 51.0, 49.0, 45.0, 44.0, 41.0])
Frame 94.0: tensor([117.0, 108.0, 51.0, 49.0, 45.0, 44.0, 41.0])
Frame 95.0: tensor([117.0, 108.0, 51.0, 49.0, 45.0, 44.0, 41.0])
Frame 96.0: tensor([117.0, 108.0, 51.0, 49.0, 45.0, 44.0, 41.0])
Frame 97.0: tensor([117.0, 108.0, 49.0, 45.0, 44.0, 41.0])
Frame 98.0: tensor([117.0, 108.0, 49.0, 45.0])
Frame 99.0: tensor([117.0, 108.0, 45.0])
Frame 100.0: tensor([117.0, 108.0])
Frame 101.0: tensor([108.0])
Frame 102.0: tensor([108.0])
Frame 103.0: tensor([108.0])
Frame 104.0: tensor([108.0])
Frame 105.0: tensor([108.0])
Frame 121.0: tensor([741.0])
Frame 122.0: tensor([314.0])
Frame 146.0: tensor([1554.0])
Frame 147.0: tensor([1554.0])
Frame 148.0: tensor([1554.0])
Frame 149.0: tensor([1554.0])
Frame 150.0: tensor([1554.0])
Frame 151.0: tensor([1554.0])
Frame 152.0: tensor([1554.0])
Frame 153.0: tensor([1554.0])
Frame 154.0: tensor([1554.0])
Frame 155.0: tensor([1554.0])
Frame 156.0: tensor([1554.0])
Frame 157.0: tensor([1554.0])
Frame 158.0: tensor([1554.0])
Frame 194.0: tensor([2340.0])
Frame 195.0: tensor([2340.0])
Frame 196.0: tensor([2340.0])
Frame 197.0: tensor([2340.0])
Frame 198.0: tensor([2340.0])
Frame 199.0: tensor([2340.0])
Frame 200.0: tensor([2340.0])
Frame 201.0: tensor([2340.0])
Frame 202.0: tensor([2499.0, 2340.0, 2140.0])
Frame 203.0: tensor([2499.0, 2340.0])
Frame 204.0: tensor([2538.0, 2528.0, 2499.0, 2340.0])
Frame 205.0: tensor([2538.0, 2528.0, 2499.0, 2340.0])
Frame 206.0: tensor([2538.0, 2528.0, 2499.0, 2340.0])
Frame 207.0: tensor([2538.0, 2528.0, 2499.0, 2340.0])
Frame 208.0: tensor([2608.0, 2597.0, 2538.0, 2528.0, 2499.0, 2340.0])
Frame 209.0: tensor([2619.0, 2608.0, 2597.0, 2538.0, 2528.0, 2499.0, 2340.0])
Frame 210.0: tensor([2619.0, 2608.0, 2597.0, 2538.0, 2528.0, 2499.0])
Frame 211.0: tensor([2640.0, 2619.0, 2608.0, 2597.0, 2538.0, 2528.0, 2499.0])
Frame 212.0: tensor([2640.0, 2619.0, 2608.0, 2597.0, 2538.0, 2528.0, 2499.0])
Frame 213.0: tensor([2655.0, 2640.0, 2619.0, 2608.0, 2597.0, 2538.0, 2528.0, 2499.0, 2421.0])
Frame 214.0: tensor([2665.0, 2655.0, 2640.0, 2619.0, 2608.0, 2597.0, 2538.0, 2528.0, 2499.0])
Frame 215.0: tensor([2675.0, 2674.0, 2665.0, 2655.0, 2640.0, 2619.0, 2608.0, 2597.0, 2538.0, 2528.0, 2499.0])
Frame 216.0: tensor([2675.0, 2674.0, 2665.0, 2655.0, 2640.0, 2619.0, 2608.0, 2597.0, 2538.0, 2528.0, 2499.0])
Frame 217.0: tensor([2690.0, 2675.0, 2674.0, 2665.0, 2655.0, 2640.0, 2619.0, 2608.0, 2597.0, 2538.0, 2528.0, 2499.0])
Frame 218.0: tensor([2699.0, 2697.0, 2693.0, 2690.0, 2675.0, 2674.0, 2665.0, 2655.0, 2640.0, 2619.0, 2608.0, 2597.0, 2538.0, 2528.0, 2499.0])
Frame 219.0: tensor([2699.0, 2697.0, 2693.0, 2690.0, 2675.0, 2674.0, 2665.0, 2655.0, 2640.0, 2619.0, 2608.0, 2597.0, 2538.0, 2528.0, 2499.0])
Frame 220.0: tensor([2707.0, 2705.0, 2699.0, 2697.0, 2693.0, 2690.0, 2675.0, 2674.0, 2655.0, 2640.0, 2619.0, 2608.0, 2597.0, 2538.0, 2528.0, 2499.0])
Frame 221.0: tensor([2709.0, 2707.0, 2705.0, 2699.0, 2697.0, 2693.0, 2690.0, 2675.0, 2674.0, 2655.0, 2640.0, 2619.0, 2608.0, 2597.0, 2538.0, 2528.0, 2499.0])
Frame 222.0: tensor([2710.0, 2709.0, 2707.0, 2705.0, 2699.0, 2697.0, 2693.0, 2690.0, 2675.0, 2674.0, 2655.0, 2640.0, 2619.0, 2608.0, 2597.0, 2538.0, 2528.0, 2499.0])
Frame 223.0: tensor([2710.0, 2709.0, 2707.0, 2705.0, 2699.0, 2697.0, 2693.0, 2690.0, 2675.0, 2674.0, 2655.0, 2640.0, 2619.0, 2597.0, 2538.0, 2528.0, 2499.0])
Frame 224.0: tensor([2710.0, 2709.0, 2707.0, 2705.0, 2699.0, 2697.0, 2693.0, 2690.0, 2675.0, 2674.0, 2655.0, 2640.0, 2619.0, 2597.0, 2538.0, 2528.0, 2499.0])
Frame 225.0: tensor([2710.0, 2709.0, 2707.0, 2705.0, 2699.0, 2697.0, 2693.0, 2690.0, 2675.0, 2674.0, 2655.0, 2640.0, 2619.0, 2597.0, 2538.0, 2528.0, 2499.0])
Frame 226.0: tensor([2710.0, 2709.0, 2707.0, 2705.0, 2699.0, 2697.0, 2693.0, 2690.0, 2675.0, 2655.0, 2640.0, 2619.0, 2597.0, 2538.0, 2528.0, 2499.0])
Frame 227.0: tensor([2710.0, 2709.0, 2707.0, 2705.0, 2699.0, 2697.0, 2693.0, 2690.0, 2675.0, 2655.0, 2640.0, 2619.0, 2597.0, 2538.0, 2528.0, 2499.0])
Frame 228.0: tensor([2710.0, 2709.0, 2707.0, 2705.0, 2699.0, 2697.0, 2693.0, 2690.0, 2675.0, 2655.0, 2640.0, 2619.0, 2597.0, 2538.0, 2528.0, 2499.0])
Frame 229.0: tensor([2717.0, 2710.0, 2709.0, 2707.0, 2705.0, 2699.0, 2697.0, 2693.0, 2690.0, 2675.0, 2674.0, 2655.0, 2640.0, 2619.0, 2597.0, 2538.0, 2528.0, 2499.0])
Frame 230.0: tensor([2719.0, 2718.0, 2717.0, 2710.0, 2709.0, 2707.0, 2705.0, 2699.0, 2697.0, 2693.0, 2690.0, 2675.0, 2674.0, 2655.0, 2640.0, 2619.0, 2597.0, 2538.0, 2528.0, 2499.0])
Frame 231.0: tensor([2719.0, 2718.0, 2717.0, 2710.0, 2709.0, 2707.0, 2705.0, 2699.0, 2697.0, 2693.0, 2690.0, 2675.0, 2674.0, 2655.0, 2640.0, 2619.0, 2597.0, 2538.0, 2528.0, 2499.0])
Frame 232.0: tensor([2719.0, 2718.0, 2717.0, 2710.0, 2709.0, 2707.0, 2705.0, 2699.0, 2697.0, 2693.0, 2690.0, 2675.0, 2674.0, 2655.0, 2640.0, 2619.0, 2597.0, 2538.0, 2528.0, 2499.0])
Frame 233.0: tensor([2719.0, 2718.0, 2717.0, 2710.0, 2709.0, 2707.0, 2705.0, 2699.0, 2697.0, 2693.0, 2690.0, 2675.0, 2674.0, 2655.0, 2640.0, 2619.0, 2597.0, 2538.0, 2528.0, 2499.0])
Frame 234.0: tensor([2718.0, 2717.0, 2710.0, 2709.0, 2707.0, 2705.0, 2699.0, 2697.0, 2693.0, 2690.0, 2675.0, 2674.0, 2655.0, 2619.0, 2597.0, 2538.0, 2528.0, 2499.0])
Frame 235.0: tensor([2718.0, 2717.0, 2710.0, 2709.0, 2707.0, 2705.0, 2699.0, 2697.0, 2693.0, 2690.0, 2675.0, 2674.0, 2655.0, 2619.0, 2597.0, 2538.0, 2528.0, 2499.0])
Frame 236.0: tensor([2718.0, 2717.0, 2710.0, 2709.0, 2707.0, 2705.0, 2699.0, 2697.0, 2693.0, 2690.0, 2675.0, 2674.0, 2655.0, 2619.0, 2597.0, 2538.0, 2528.0, 2499.0])
Frame 237.0: tensor([2719.0, 2718.0, 2717.0, 2710.0, 2709.0, 2707.0, 2705.0, 2699.0, 2697.0, 2693.0, 2690.0, 2675.0, 2674.0, 2655.0, 2619.0, 2597.0, 2538.0, 2528.0, 2499.0])
Frame 238.0: tensor([2719.0, 2718.0, 2717.0, 2710.0, 2709.0, 2707.0, 2705.0, 2699.0, 2697.0, 2693.0, 2690.0, 2675.0, 2655.0, 2648.0, 2619.0, 2597.0, 2538.0, 2528.0, 2499.0])
Frame 239.0: tensor([2719.0, 2718.0, 2717.0, 2710.0, 2709.0, 2707.0, 2705.0, 2699.0, 2697.0, 2693.0, 2690.0, 2655.0, 2648.0, 2619.0, 2597.0, 2538.0, 2528.0, 2499.0])
Frame 240.0: tensor([2719.0, 2718.0, 2717.0, 2710.0, 2709.0, 2707.0, 2705.0, 2699.0, 2697.0, 2693.0, 2690.0, 2655.0, 2648.0, 2619.0, 2597.0, 2538.0, 2528.0, 2499.0])
Frame 241.0: tensor([2721.0, 2720.0, 2719.0, 2718.0, 2717.0, 2710.0, 2709.0, 2707.0, 2705.0, 2699.0, 2697.0, 2693.0, 2690.0, 2655.0, 2648.0, 2619.0, 2597.0, 2538.0, 2528.0, 2499.0])
Frame 242.0: tensor([2721.0, 2720.0, 2719.0, 2718.0, 2717.0, 2710.0, 2709.0, 2707.0, 2705.0, 2699.0, 2697.0, 2693.0, 2690.0, 2655.0, 2648.0, 2619.0, 2597.0, 2538.0, 2528.0, 2499.0])
Frame 243.0: tensor([2721.0, 2720.0, 2719.0, 2718.0, 2717.0, 2710.0, 2709.0, 2707.0, 2705.0, 2699.0, 2697.0, 2693.0, 2690.0, 2655.0, 2648.0, 2619.0, 2597.0, 2538.0, 2528.0, 2499.0])
Frame 244.0: tensor([2721.0, 2720.0, 2719.0, 2718.0, 2717.0, 2710.0, 2709.0, 2707.0, 2705.0, 2699.0, 2697.0, 2693.0, 2690.0, 2655.0, 2648.0, 2619.0, 2597.0, 2538.0, 2528.0, 2499.0])
Frame 245.0: tensor([2721.0, 2720.0, 2719.0, 2718.0, 2717.0, 2710.0, 2709.0, 2707.0, 2705.0, 2699.0, 2697.0, 2693.0, 2690.0, 2655.0, 2648.0, 2619.0, 2597.0, 2538.0, 2528.0, 2499.0])
Frame 246.0: tensor([2721.0, 2720.0, 2719.0, 2718.0, 2717.0, 2710.0, 2709.0, 2707.0, 2705.0, 2697.0, 2693.0, 2690.0, 2655.0, 2648.0, 2619.0, 2597.0, 2538.0, 2528.0, 2499.0])
Frame 247.0: tensor([2721.0, 2720.0, 2719.0, 2718.0, 2717.0, 2710.0, 2709.0, 2707.0, 2705.0, 2697.0, 2693.0, 2690.0, 2655.0, 2648.0, 2619.0, 2597.0, 2538.0, 2528.0, 2499.0])
Frame 248.0: tensor([2721.0, 2720.0, 2719.0, 2718.0, 2717.0, 2710.0, 2709.0, 2707.0, 2705.0, 2697.0, 2693.0, 2690.0, 2675.0, 2655.0, 2648.0, 2619.0, 2597.0, 2538.0, 2528.0, 2499.0])
Frame 249.0: tensor([2721.0, 2720.0, 2719.0, 2718.0, 2717.0, 2710.0, 2709.0, 2707.0, 2705.0, 2697.0, 2693.0, 2690.0, 2675.0, 2655.0, 2648.0, 2619.0, 2597.0, 2538.0, 2528.0, 2499.0])
Frame 250.0: tensor([2721.0, 2720.0, 2719.0, 2718.0, 2717.0, 2710.0, 2709.0, 2707.0, 2705.0, 2697.0, 2693.0, 2690.0, 2675.0, 2655.0, 2648.0, 2619.0, 2597.0, 2538.0, 2528.0, 2499.0])
