Frame 1.0: tensor([17.0, 16.0, 15.0, 14.0, 13.0, 12.0, 11.0, 10.0, 9.0, 8.0, 7.0, 6.0, 5.0, 4.0, 3.0, 2.0, 1.0])
Frame 2.0: tensor([17.0, 16.0, 15.0, 14.0, 13.0, 12.0, 11.0, 10.0, 9.0, 8.0, 7.0, 6.0, 5.0, 4.0, 3.0, 2.0, 1.0])
Frame 3.0: tensor([17.0, 16.0, 15.0, 14.0, 13.0, 12.0, 11.0, 10.0, 9.0, 8.0, 7.0, 6.0, 5.0, 4.0, 3.0, 2.0, 1.0])
Frame 4.0: tensor([17.0, 16.0, 15.0, 14.0, 13.0, 12.0, 11.0, 10.0, 9.0, 8.0, 7.0, 6.0, 5.0, 4.0, 3.0, 2.0, 1.0])
Frame 5.0: tensor([17.0, 16.0, 15.0, 14.0, 13.0, 12.0, 11.0, 10.0, 9.0, 8.0, 7.0, 6.0, 5.0, 4.0, 3.0, 2.0, 1.0])
Frame 6.0: tensor([17.0, 16.0, 15.0, 14.0, 13.0, 12.0, 11.0, 10.0, 9.0, 8.0, 7.0, 6.0, 5.0, 4.0, 3.0, 2.0, 1.0])
Frame 7.0: tensor([17.0, 16.0, 15.0, 14.0, 13.0, 12.0, 11.0, 10.0, 9.0, 8.0, 7.0, 6.0, 5.0, 4.0, 3.0, 2.0, 1.0])
Frame 8.0: tensor([17.0, 16.0, 15.0, 14.0, 13.0, 12.0, 11.0, 10.0, 9.0, 8.0, 7.0, 6.0, 5.0, 4.0, 3.0, 2.0, 1.0])
Frame 9.0: tensor([17.0, 16.0, 15.0, 14.0, 13.0, 12.0, 11.0, 10.0, 9.0, 8.0, 7.0, 6.0, 5.0, 4.0, 3.0, 2.0, 1.0])
Frame 10.0: tensor([17.0, 16.0, 15.0, 14.0, 13.0, 12.0, 11.0, 10.0, 9.0, 8.0, 7.0, 6.0, 5.0, 4.0, 3.0, 2.0, 1.0])
Frame 11.0: tensor([17.0, 16.0, 15.0, 14.0, 13.0, 12.0, 11.0, 10.0, 9.0, 8.0, 7.0, 6.0, 5.0, 4.0, 3.0, 2.0, 1.0])
Frame 12.0: tensor([17.0, 16.0, 15.0, 14.0, 13.0, 12.0, 11.0, 10.0, 9.0, 8.0, 7.0, 6.0, 5.0, 4.0, 3.0, 2.0, 1.0])
Frame 13.0: tensor([18.0, 17.0, 16.0, 15.0, 14.0, 13.0, 12.0, 11.0, 10.0, 9.0, 8.0, 7.0, 6.0, 5.0, 4.0, 3.0, 2.0, 1.0])
Frame 14.0: tensor([17.0, 16.0, 15.0, 14.0, 13.0, 12.0, 11.0, 10.0, 9.0, 8.0, 7.0, 6.0, 5.0, 4.0, 3.0, 2.0, 1.0])
Frame 15.0: tensor([17.0, 16.0, 15.0, 14.0, 13.0, 12.0, 11.0, 10.0, 9.0, 8.0, 7.0, 6.0, 5.0, 4.0, 3.0, 2.0, 1.0])
Frame 16.0: tensor([17.0, 16.0, 15.0, 13.0, 12.0, 11.0, 10.0, 8.0, 7.0, 6.0, 5.0, 4.0, 3.0, 2.0, 1.0])
Frame 17.0: tensor([18.0, 17.0, 16.0, 15.0, 13.0, 12.0, 11.0, 10.0, 8.0, 7.0, 6.0, 5.0, 4.0, 3.0, 2.0, 1.0])
Frame 18.0: tensor([21.0, 18.0, 17.0, 16.0, 15.0, 13.0, 12.0, 11.0, 10.0, 8.0, 7.0, 6.0, 5.0, 4.0, 3.0, 2.0, 1.0])
Frame 19.0: tensor([21.0, 18.0, 17.0, 16.0, 15.0, 13.0, 12.0, 11.0, 10.0, 8.0, 7.0, 6.0, 5.0, 4.0, 3.0, 2.0, 1.0])
Frame 20.0: tensor([21.0, 18.0, 17.0, 16.0, 15.0, 12.0, 11.0, 10.0, 8.0, 7.0, 6.0, 5.0, 4.0, 3.0, 2.0, 1.0])
Frame 21.0: tensor([21.0, 18.0, 17.0, 15.0, 12.0, 10.0, 8.0, 7.0, 6.0, 5.0, 4.0, 3.0, 2.0, 1.0])
Frame 22.0: tensor([22.0, 21.0, 18.0, 17.0, 15.0, 12.0, 10.0, 8.0, 7.0, 6.0, 5.0, 4.0, 3.0, 2.0, 1.0])
Frame 23.0: tensor([23.0, 22.0, 21.0, 18.0, 17.0, 15.0, 12.0, 10.0, 8.0, 7.0, 6.0, 5.0, 4.0, 3.0, 2.0, 1.0])
Frame 24.0: tensor([22.0, 21.0, 18.0, 17.0, 15.0, 12.0, 10.0, 8.0, 7.0, 6.0, 5.0, 4.0, 3.0, 2.0, 1.0])
Frame 25.0: tensor([25.0, 22.0, 21.0, 18.0, 17.0, 15.0, 12.0, 10.0, 8.0, 7.0, 6.0, 5.0, 4.0, 3.0, 2.0, 1.0])
Frame 26.0: tensor([22.0, 21.0, 18.0, 17.0, 15.0, 12.0, 10.0, 8.0, 7.0, 6.0, 5.0, 4.0, 3.0, 2.0, 1.0])
Frame 27.0: tensor([22.0, 21.0, 20.0, 18.0, 17.0, 15.0, 12.0, 8.0, 7.0, 6.0, 5.0, 4.0, 3.0, 2.0, 1.0])
Frame 28.0: tensor([22.0, 21.0, 20.0, 18.0, 17.0, 15.0, 12.0, 8.0, 7.0, 6.0, 5.0, 4.0, 3.0, 2.0, 1.0])
Frame 29.0: tensor([27.0, 22.0, 21.0, 20.0, 18.0, 15.0, 12.0, 8.0, 7.0, 6.0, 5.0, 4.0, 3.0, 2.0, 1.0])
Frame 30.0: tensor([27.0, 22.0, 21.0, 20.0, 18.0, 15.0, 12.0, 8.0, 7.0, 6.0, 5.0, 4.0, 3.0, 2.0, 1.0])
Frame 31.0: tensor([30.0, 27.0, 22.0, 21.0, 18.0, 15.0, 12.0, 8.0, 7.0, 6.0, 5.0, 4.0, 3.0, 2.0, 1.0])
Frame 32.0: tensor([30.0, 27.0, 22.0, 21.0, 18.0, 15.0, 12.0, 8.0, 7.0, 6.0, 5.0, 4.0, 2.0, 1.0])
Frame 33.0: tensor([30.0, 27.0, 22.0, 21.0, 18.0, 15.0, 12.0, 8.0, 7.0, 6.0, 5.0, 4.0, 2.0, 1.0])
Frame 34.0: tensor([30.0, 27.0, 22.0, 21.0, 18.0, 15.0, 12.0, 8.0, 7.0, 6.0, 5.0, 4.0, 2.0, 1.0])
Frame 35.0: tensor([35.0, 30.0, 27.0, 22.0, 21.0, 18.0, 15.0, 12.0, 8.0, 7.0, 6.0, 5.0, 4.0, 2.0, 1.0])
Frame 36.0: tensor([39.0, 35.0, 30.0, 27.0, 22.0, 21.0, 20.0, 18.0, 15.0, 12.0, 8.0, 7.0, 6.0, 5.0, 4.0, 2.0, 1.0])
Frame 37.0: tensor([39.0, 35.0, 30.0, 27.0, 22.0, 21.0, 20.0, 18.0, 15.0, 12.0, 8.0, 7.0, 6.0, 5.0, 4.0, 2.0])
Frame 38.0: tensor([39.0, 35.0, 30.0, 27.0, 22.0, 21.0, 20.0, 18.0, 15.0, 12.0, 8.0, 7.0, 6.0, 5.0, 4.0, 2.0])
Frame 39.0: tensor([39.0, 35.0, 30.0, 27.0, 22.0, 21.0, 20.0, 18.0, 15.0, 12.0, 8.0, 7.0, 6.0, 5.0, 4.0, 2.0])
Frame 40.0: tensor([39.0, 35.0, 30.0, 27.0, 22.0, 21.0, 20.0, 18.0, 15.0, 12.0, 8.0, 7.0, 6.0, 5.0, 4.0, 2.0])
Frame 41.0: tensor([39.0, 35.0, 30.0, 27.0, 22.0, 21.0, 20.0, 18.0, 15.0, 12.0, 8.0, 7.0, 6.0, 5.0, 4.0, 2.0])
Frame 42.0: tensor([39.0, 35.0, 30.0, 27.0, 22.0, 21.0, 18.0, 15.0, 12.0, 8.0, 7.0, 6.0, 5.0, 4.0, 2.0])
Frame 43.0: tensor([39.0, 35.0, 30.0, 27.0, 22.0, 21.0, 18.0, 15.0, 12.0, 8.0, 7.0, 6.0, 5.0, 4.0, 2.0])
Frame 44.0: tensor([39.0, 35.0, 30.0, 27.0, 21.0, 18.0, 15.0, 12.0, 8.0, 7.0, 6.0, 5.0, 4.0, 2.0])
Frame 45.0: tensor([49.0, 39.0, 35.0, 30.0, 27.0, 21.0, 18.0, 15.0, 12.0, 8.0, 7.0, 6.0, 5.0, 4.0])
Frame 46.0: tensor([54.0, 53.0, 49.0, 39.0, 35.0, 30.0, 27.0, 21.0, 18.0, 15.0, 12.0, 8.0, 7.0, 6.0, 5.0, 4.0])
Frame 47.0: tensor([57.0, 54.0, 53.0, 49.0, 39.0, 35.0, 30.0, 27.0, 21.0, 18.0, 15.0, 12.0, 8.0, 7.0, 6.0, 5.0, 4.0])
Frame 48.0: tensor([61.0, 57.0, 54.0, 53.0, 49.0, 39.0, 35.0, 30.0, 27.0, 21.0, 18.0, 15.0, 12.0, 8.0, 7.0, 6.0, 5.0, 4.0])
Frame 49.0: tensor([66.0, 61.0, 57.0, 54.0, 53.0, 49.0, 39.0, 35.0, 30.0, 27.0, 21.0, 18.0, 15.0, 12.0, 7.0, 6.0, 4.0])
Frame 50.0: tensor([68.0, 66.0, 61.0, 57.0, 54.0, 53.0, 49.0, 39.0, 35.0, 30.0, 27.0, 21.0, 18.0, 15.0, 12.0, 7.0, 6.0, 4.0])
Frame 51.0: tensor([68.0, 66.0, 57.0, 54.0, 53.0, 49.0, 39.0, 35.0, 30.0, 27.0, 21.0, 18.0, 12.0, 7.0, 6.0, 4.0])
Frame 52.0: tensor([68.0, 66.0, 57.0, 54.0, 53.0, 49.0, 39.0, 35.0, 30.0, 27.0, 21.0, 18.0, 12.0, 7.0, 6.0, 4.0])
Frame 53.0: tensor([68.0, 66.0, 57.0, 54.0, 53.0, 49.0, 39.0, 35.0, 30.0, 27.0, 21.0, 7.0, 6.0, 4.0])
Frame 54.0: tensor([85.0, 68.0, 66.0, 57.0, 54.0, 53.0, 49.0, 39.0, 30.0, 27.0, 21.0, 7.0, 6.0, 4.0])
Frame 55.0: tensor([85.0, 68.0, 66.0, 57.0, 54.0, 53.0, 49.0, 39.0, 30.0, 27.0, 21.0, 7.0, 6.0, 4.0])
Frame 56.0: tensor([85.0, 68.0, 66.0, 57.0, 54.0, 53.0, 49.0, 39.0, 30.0, 27.0, 21.0, 7.0, 6.0, 4.0])
Frame 57.0: tensor([117.0, 85.0, 68.0, 66.0, 57.0, 54.0, 53.0, 49.0, 39.0, 35.0, 30.0, 27.0, 21.0, 7.0, 6.0, 4.0])
Frame 58.0: tensor([117.0, 85.0, 68.0, 66.0, 57.0, 54.0, 53.0, 49.0, 39.0, 35.0, 30.0, 27.0, 7.0, 6.0, 4.0])
Frame 59.0: tensor([117.0, 85.0, 68.0, 66.0, 57.0, 54.0, 53.0, 49.0, 39.0, 35.0, 30.0, 27.0, 7.0, 6.0, 4.0])
Frame 60.0: tensor([117.0, 85.0, 68.0, 66.0, 57.0, 54.0, 53.0, 49.0, 39.0, 35.0, 30.0, 27.0, 7.0, 6.0, 4.0])
Frame 61.0: tensor([117.0, 85.0, 68.0, 66.0, 57.0, 54.0, 53.0, 49.0, 39.0, 35.0, 30.0, 27.0, 7.0, 6.0])
Frame 62.0: tensor([117.0, 85.0, 68.0, 66.0, 57.0, 54.0, 53.0, 49.0, 39.0, 35.0, 30.0, 27.0, 6.0])
Frame 63.0: tensor([117.0, 85.0, 68.0, 66.0, 57.0, 54.0, 53.0, 49.0, 39.0, 35.0, 30.0, 27.0])
Frame 64.0: tensor([117.0, 85.0, 68.0, 66.0, 57.0, 54.0, 53.0, 49.0, 39.0, 35.0, 27.0])
Frame 65.0: tensor([117.0, 85.0, 68.0, 66.0, 57.0, 54.0, 53.0, 49.0, 39.0, 35.0, 27.0])
Frame 66.0: tensor([117.0, 85.0, 68.0, 66.0, 57.0, 54.0, 53.0, 49.0, 39.0, 35.0, 27.0])
Frame 67.0: tensor([117.0, 85.0, 68.0, 66.0, 57.0, 54.0, 53.0, 49.0, 39.0, 35.0, 27.0])
Frame 68.0: tensor([117.0, 85.0, 68.0, 66.0, 57.0, 54.0, 53.0, 49.0, 39.0, 35.0, 27.0])
Frame 69.0: tensor([117.0, 85.0, 68.0, 66.0, 57.0, 54.0, 53.0, 49.0, 39.0, 27.0])
Frame 70.0: tensor([117.0, 85.0, 68.0, 66.0, 57.0, 54.0, 53.0, 49.0, 39.0, 27.0])
Frame 71.0: tensor([117.0, 85.0, 68.0, 66.0, 57.0, 54.0, 53.0, 49.0, 39.0, 27.0])
Frame 72.0: tensor([117.0, 85.0, 68.0, 66.0, 57.0, 54.0, 53.0, 49.0, 39.0, 27.0])
Frame 73.0: tensor([117.0, 85.0, 68.0, 66.0, 57.0, 54.0, 53.0, 49.0, 39.0, 27.0])
Frame 74.0: tensor([117.0, 85.0, 68.0, 66.0, 57.0, 54.0, 53.0, 49.0, 39.0, 27.0])
Frame 75.0: tensor([117.0, 85.0, 68.0, 66.0, 57.0, 54.0, 53.0, 49.0, 39.0, 27.0])
Frame 76.0: tensor([117.0, 85.0, 68.0, 66.0, 57.0, 54.0, 53.0, 49.0, 39.0, 27.0])
Frame 77.0: tensor([117.0, 85.0, 68.0, 66.0, 57.0, 54.0, 53.0, 49.0, 39.0, 27.0])
Frame 78.0: tensor([117.0, 85.0, 68.0, 66.0, 57.0, 54.0, 53.0, 49.0, 39.0, 27.0])
Frame 79.0: tensor([117.0, 85.0, 68.0, 66.0, 57.0, 54.0, 53.0, 49.0, 39.0, 27.0])
Frame 80.0: tensor([117.0, 85.0, 68.0, 66.0, 57.0, 54.0, 53.0, 49.0, 39.0, 27.0])
Frame 81.0: tensor([117.0, 85.0, 68.0, 66.0, 57.0, 54.0, 53.0, 49.0, 39.0, 27.0])
Frame 82.0: tensor([117.0, 85.0, 68.0, 66.0, 57.0, 54.0, 53.0, 49.0, 39.0])
Frame 83.0: tensor([117.0, 85.0, 68.0, 66.0, 57.0, 54.0, 53.0, 49.0, 39.0])
Frame 84.0: tensor([117.0, 85.0, 68.0, 66.0, 57.0, 54.0, 53.0, 49.0, 39.0])
Frame 85.0: tensor([117.0, 85.0, 66.0, 57.0, 54.0, 53.0, 49.0, 39.0])
Frame 86.0: tensor([117.0, 85.0, 66.0, 57.0, 54.0, 53.0, 49.0, 39.0])
Frame 87.0: tensor([117.0, 85.0, 66.0, 57.0, 54.0, 53.0, 49.0, 39.0])
Frame 88.0: tensor([117.0, 85.0, 66.0, 57.0, 54.0, 53.0, 49.0, 39.0])
Frame 89.0: tensor([117.0, 85.0, 66.0, 57.0, 54.0, 53.0, 49.0])
Frame 90.0: tensor([117.0, 85.0, 66.0, 57.0, 54.0, 53.0, 49.0])
Frame 91.0: tensor([117.0, 85.0, 66.0, 57.0, 54.0, 53.0, 49.0])
Frame 92.0: tensor([117.0, 85.0, 66.0, 57.0, 54.0, 53.0, 49.0])
Frame 93.0: tensor([117.0, 85.0, 66.0, 57.0, 54.0, 53.0, 49.0])
Frame 94.0: tensor([117.0, 85.0, 66.0, 57.0, 54.0, 53.0, 49.0])
Frame 95.0: tensor([117.0, 85.0, 66.0, 57.0, 54.0, 53.0, 49.0])
Frame 96.0: tensor([117.0, 85.0, 66.0, 57.0, 54.0, 53.0, 49.0])
Frame 97.0: tensor([117.0, 85.0, 66.0, 57.0, 54.0, 53.0])
Frame 98.0: tensor([117.0, 85.0, 66.0, 57.0, 53.0])
Frame 99.0: tensor([117.0, 85.0, 66.0, 53.0])
Frame 100.0: tensor([117.0, 85.0, 66.0])
Frame 101.0: tensor([85.0])
Frame 102.0: tensor([85.0])
Frame 121.0: tensor([889.0])
Frame 122.0: tensor([909.0])
Frame 191.0: tensor([2468.0])
Frame 192.0: tensor([2468.0])
Frame 193.0: tensor([2468.0])
Frame 194.0: tensor([2468.0])
Frame 195.0: tensor([2468.0])
Frame 196.0: tensor([2468.0])
Frame 197.0: tensor([2468.0])
Frame 202.0: tensor([2331.0])
Frame 203.0: tensor([2702.0, 2696.0])
Frame 204.0: tensor([2713.0, 2702.0, 2696.0])
Frame 205.0: tensor([2713.0, 2702.0, 2696.0])
Frame 206.0: tensor([2713.0, 2702.0, 2696.0])
Frame 207.0: tensor([2759.0, 2756.0, 2713.0, 2702.0, 2696.0])
Frame 208.0: tensor([2759.0, 2756.0, 2713.0, 2702.0, 2696.0])
Frame 209.0: tensor([2759.0, 2756.0, 2713.0, 2702.0, 2696.0])
Frame 210.0: tensor([2759.0, 2756.0, 2713.0, 2702.0, 2696.0])
Frame 211.0: tensor([2804.0, 2759.0, 2756.0, 2713.0, 2702.0, 2696.0])
Frame 212.0: tensor([2804.0, 2759.0, 2756.0, 2713.0, 2702.0, 2696.0])
Frame 213.0: tensor([2831.0, 2804.0, 2759.0, 2756.0, 2713.0, 2702.0, 2696.0])
Frame 214.0: tensor([2831.0, 2804.0, 2759.0, 2756.0, 2713.0, 2702.0, 2696.0, 2614.0])
Frame 215.0: tensor([2831.0, 2804.0, 2759.0, 2756.0, 2713.0, 2702.0, 2696.0])
Frame 216.0: tensor([2831.0, 2804.0, 2759.0, 2756.0, 2713.0, 2702.0, 2696.0])
Frame 217.0: tensor([2831.0, 2804.0, 2759.0, 2756.0, 2713.0, 2702.0, 2696.0])
Frame 218.0: tensor([2874.0, 2869.0, 2831.0, 2804.0, 2759.0, 2756.0, 2713.0, 2702.0, 2696.0])
Frame 219.0: tensor([2878.0, 2874.0, 2869.0, 2804.0, 2759.0, 2756.0, 2735.0, 2713.0, 2702.0, 2696.0])
Frame 220.0: tensor([2884.0, 2878.0, 2874.0, 2869.0, 2804.0, 2759.0, 2756.0, 2735.0, 2713.0, 2702.0, 2696.0])
Frame 221.0: tensor([2890.0, 2888.0, 2884.0, 2878.0, 2874.0, 2869.0, 2804.0, 2759.0, 2756.0, 2735.0, 2713.0, 2702.0, 2696.0])
Frame 222.0: tensor([2892.0, 2890.0, 2888.0, 2884.0, 2878.0, 2874.0, 2869.0, 2804.0, 2759.0, 2756.0, 2735.0, 2713.0, 2702.0, 2696.0])
Frame 223.0: tensor([2896.0, 2892.0, 2890.0, 2888.0, 2884.0, 2878.0, 2874.0, 2869.0, 2804.0, 2759.0, 2756.0, 2735.0, 2713.0, 2702.0, 2696.0])
Frame 224.0: tensor([2899.0, 2896.0, 2892.0, 2888.0, 2884.0, 2878.0, 2874.0, 2869.0, 2804.0, 2759.0, 2756.0, 2735.0, 2713.0, 2702.0, 2696.0])
Frame 225.0: tensor([2900.0, 2899.0, 2896.0, 2892.0, 2888.0, 2884.0, 2882.0, 2878.0, 2874.0, 2869.0, 2804.0, 2759.0, 2756.0, 2735.0, 2713.0, 2702.0, 2696.0])
Frame 226.0: tensor([2900.0, 2899.0, 2896.0, 2892.0, 2888.0, 2884.0, 2882.0, 2878.0, 2874.0, 2869.0, 2804.0, 2759.0, 2756.0, 2735.0, 2713.0, 2702.0, 2696.0])
Frame 227.0: tensor([2900.0, 2899.0, 2896.0, 2892.0, 2888.0, 2884.0, 2882.0, 2878.0, 2874.0, 2869.0, 2804.0, 2759.0, 2756.0, 2735.0, 2713.0, 2702.0, 2696.0])
Frame 228.0: tensor([2902.0, 2900.0, 2899.0, 2896.0, 2892.0, 2888.0, 2884.0, 2882.0, 2878.0, 2874.0, 2869.0, 2804.0, 2759.0, 2756.0, 2735.0, 2713.0, 2702.0, 2696.0])
Frame 229.0: tensor([2902.0, 2900.0, 2899.0, 2896.0, 2892.0, 2888.0, 2884.0, 2882.0, 2878.0, 2874.0, 2869.0, 2804.0, 2759.0, 2756.0, 2735.0, 2713.0, 2702.0, 2696.0])
Frame 230.0: tensor([2902.0, 2900.0, 2899.0, 2896.0, 2892.0, 2888.0, 2884.0, 2882.0, 2878.0, 2874.0, 2869.0, 2804.0, 2759.0, 2756.0, 2735.0, 2713.0, 2702.0, 2696.0])
Frame 231.0: tensor([2902.0, 2900.0, 2899.0, 2896.0, 2892.0, 2888.0, 2884.0, 2882.0, 2878.0, 2874.0, 2869.0, 2804.0, 2759.0, 2756.0, 2735.0, 2713.0, 2702.0, 2696.0])
Frame 232.0: tensor([2904.0, 2903.0, 2902.0, 2900.0, 2899.0, 2896.0, 2892.0, 2888.0, 2884.0, 2882.0, 2878.0, 2874.0, 2869.0, 2804.0, 2759.0, 2756.0, 2735.0, 2713.0, 2702.0, 2696.0])
Frame 233.0: tensor([2904.0, 2903.0, 2902.0, 2900.0, 2899.0, 2896.0, 2892.0, 2888.0, 2884.0, 2882.0, 2878.0, 2869.0, 2804.0, 2759.0, 2756.0, 2735.0, 2713.0, 2702.0, 2696.0])
Frame 234.0: tensor([2904.0, 2903.0, 2902.0, 2900.0, 2899.0, 2896.0, 2892.0, 2888.0, 2884.0, 2882.0, 2878.0, 2869.0, 2804.0, 2759.0, 2756.0, 2735.0, 2713.0, 2702.0, 2696.0])
Frame 235.0: tensor([2904.0, 2903.0, 2902.0, 2900.0, 2899.0, 2896.0, 2892.0, 2888.0, 2884.0, 2882.0, 2878.0, 2869.0, 2804.0, 2759.0, 2756.0, 2735.0, 2713.0, 2702.0, 2696.0])
Frame 236.0: tensor([2904.0, 2903.0, 2902.0, 2900.0, 2899.0, 2896.0, 2892.0, 2888.0, 2884.0, 2882.0, 2878.0, 2869.0, 2804.0, 2759.0, 2756.0, 2735.0, 2713.0, 2702.0, 2696.0])
Frame 237.0: tensor([2904.0, 2903.0, 2902.0, 2900.0, 2899.0, 2896.0, 2892.0, 2888.0, 2884.0, 2882.0, 2878.0, 2869.0, 2804.0, 2759.0, 2756.0, 2735.0, 2713.0, 2702.0, 2696.0])
Frame 238.0: tensor([2904.0, 2903.0, 2902.0, 2900.0, 2899.0, 2896.0, 2892.0, 2888.0, 2884.0, 2882.0, 2878.0, 2869.0, 2804.0, 2759.0, 2756.0, 2735.0, 2713.0, 2702.0, 2696.0])
Frame 239.0: tensor([2904.0, 2903.0, 2902.0, 2900.0, 2899.0, 2896.0, 2892.0, 2888.0, 2884.0, 2882.0, 2878.0, 2869.0, 2804.0, 2759.0, 2756.0, 2735.0, 2713.0, 2702.0, 2696.0])
Frame 240.0: tensor([2904.0, 2903.0, 2902.0, 2900.0, 2899.0, 2896.0, 2892.0, 2888.0, 2884.0, 2882.0, 2878.0, 2869.0, 2804.0, 2759.0, 2756.0, 2735.0, 2713.0, 2702.0, 2696.0])
Frame 241.0: tensor([2904.0, 2903.0, 2902.0, 2900.0, 2899.0, 2896.0, 2892.0, 2888.0, 2884.0, 2882.0, 2878.0, 2869.0, 2804.0, 2759.0, 2756.0, 2735.0, 2713.0, 2702.0, 2696.0])
Frame 242.0: tensor([2904.0, 2903.0, 2902.0, 2900.0, 2899.0, 2896.0, 2892.0, 2888.0, 2884.0, 2882.0, 2878.0, 2869.0, 2804.0, 2759.0, 2756.0, 2735.0, 2713.0, 2702.0, 2696.0])
Frame 243.0: tensor([2906.0, 2904.0, 2903.0, 2902.0, 2900.0, 2899.0, 2896.0, 2892.0, 2888.0, 2884.0, 2882.0, 2878.0, 2869.0, 2804.0, 2759.0, 2756.0, 2735.0, 2713.0, 2702.0, 2696.0])
Frame 244.0: tensor([2906.0, 2904.0, 2903.0, 2902.0, 2900.0, 2899.0, 2896.0, 2892.0, 2888.0, 2884.0, 2882.0, 2878.0, 2869.0, 2804.0, 2759.0, 2756.0, 2735.0, 2713.0, 2702.0, 2696.0])
Frame 245.0: tensor([2906.0, 2904.0, 2903.0, 2902.0, 2900.0, 2899.0, 2896.0, 2892.0, 2888.0, 2884.0, 2882.0, 2878.0, 2869.0, 2804.0, 2759.0, 2756.0, 2735.0, 2713.0, 2702.0, 2696.0])
Frame 246.0: tensor([2906.0, 2904.0, 2903.0, 2902.0, 2900.0, 2899.0, 2896.0, 2892.0, 2888.0, 2884.0, 2882.0, 2878.0, 2869.0, 2804.0, 2759.0, 2756.0, 2735.0, 2713.0, 2702.0, 2696.0])
Frame 247.0: tensor([2906.0, 2904.0, 2903.0, 2902.0, 2900.0, 2899.0, 2896.0, 2892.0, 2888.0, 2884.0, 2882.0, 2878.0, 2869.0, 2804.0, 2759.0, 2756.0, 2735.0, 2713.0, 2702.0, 2696.0])
Frame 248.0: tensor([2907.0, 2906.0, 2904.0, 2903.0, 2902.0, 2900.0, 2899.0, 2896.0, 2892.0, 2888.0, 2884.0, 2882.0, 2878.0, 2869.0, 2804.0, 2759.0, 2756.0, 2735.0, 2713.0, 2702.0, 2696.0])
Frame 249.0: tensor([2907.0, 2906.0, 2904.0, 2903.0, 2902.0, 2900.0, 2899.0, 2896.0, 2892.0, 2888.0, 2884.0, 2882.0, 2878.0, 2869.0, 2804.0, 2759.0, 2756.0, 2735.0, 2713.0, 2702.0, 2696.0])
Frame 250.0: tensor([2907.0, 2904.0, 2903.0, 2902.0, 2900.0, 2899.0, 2896.0, 2892.0, 2888.0, 2884.0, 2882.0, 2878.0, 2869.0, 2804.0, 2759.0, 2756.0, 2735.0, 2713.0, 2702.0, 2696.0])
